#include <gkyl_isoeuler_kernels.h> 
#include <gkyl_basis_ser_3x_p2_upwind_quad_to_modal.h> 
#include <gkyl_basis_ser_3x_p2_surfx1_eval_quad.h> 
GKYL_CU_DH void isoeuler_surfx_3x_ser_p2(const double *w, const double *dxv, double vth, const double *uvarl, const double *uvarc, const double *uvarr, const double *statevecl, const double *statevecc, const double *statevecr, double* GKYL_RESTRICT out)  
{ 
  // w: Cell-center coordinates. dxv[NDIM]: Cell spacing. statevec(l/c/r): [rho, rho ux, rho uy, rho uz] in (left/center/right) cell, uvar(l/c/r): [ux, uv, uz]  in (left/center/right) cell
  // out: output in center cell 
  const double dx1 = 2.0/dxv[0]; 
  const double *rhol = &statevecl[0]; 
  const double *rhou0l = &statevecl[20]; 
  const double *rhou1l = &statevecl[40]; 
  const double *rhou2l = &statevecl[60]; 
  const double *rhoc = &statevecc[0]; 
  const double *rhou0c = &statevecc[20]; 
  const double *rhou1c = &statevecc[40]; 
  const double *rhou2c = &statevecc[60]; 
  const double *rhor = &statevecr[0]; 
  const double *rhou0r = &statevecr[20]; 
  const double *rhou1r = &statevecr[40]; 
  const double *rhou2r = &statevecr[60]; 
  const double *uvar0l = &uvarl[0]; 
  const double *uvar1l = &uvarl[20]; 
  const double *uvar2l = &uvarl[40]; 
  const double *uvar0c = &uvarc[0]; 
  const double *uvar1c = &uvarc[20]; 
  const double *uvar2c = &uvarc[40]; 
  const double *uvar0r = &uvarr[0]; 
  const double *uvar1r = &uvarr[20]; 
  const double *uvar2r = &uvarr[40]; 
  double *outrho = &out[0]; 
  double *outrhoux = &out[20]; 
  double *outrhouy = &out[40]; 
  double *outrhouz = &out[60]; 
  double incr[20]; 

  double vthsq = vth*vth; 
  double umax_l[8] = {0.0};
  double umax_r[8] = {0.0};
  double uquad_l[9] = {0.0};
  double uquad_r[9] = {0.0};
  double urec_0_l[8] = {0.0}; 
  double urec_0_r[8] = {0.0}; 
  double urec_1_l[8] = {0.0}; 
  double urec_1_r[8] = {0.0}; 
  double urec_2_l[8] = {0.0}; 
  double urec_2_r[8] = {0.0}; 
  double rhourec_0_l[8] = {0.0}; 
  double rhourec_0_r[8] = {0.0}; 
  double rhourec_1_l[8] = {0.0}; 
  double rhourec_1_r[8] = {0.0}; 
  double rhourec_2_l[8] = {0.0}; 
  double rhourec_2_r[8] = {0.0}; 
  double rhorec_l[8] = {0.0}; 
  double rhorec_r[8] = {0.0}; 
  double ghat_rho_l[8] = {0.0}; 
  double ghat_rho_r[8] = {0.0}; 
  double u_l_r = 0.0; 
  double u_c_l = 0.0; 
  double u_c_r = 0.0; 
  double u_r_l = 0.0; 

  u_l_r = ser_3x_p2_surfx1_eval_quad_node_0_r(uvar0l); 
  u_c_l = ser_3x_p2_surfx1_eval_quad_node_0_l(uvar0c); 
  u_c_r = ser_3x_p2_surfx1_eval_quad_node_0_r(uvar0c); 
  u_r_l = ser_3x_p2_surfx1_eval_quad_node_0_l(uvar0r); 
  uquad_l[0] = fmax(fabs(u_l_r), fabs(u_c_l)); 
  uquad_r[0] = fmax(fabs(u_c_r), fabs(u_r_l)); 
  u_l_r = ser_3x_p2_surfx1_eval_quad_node_1_r(uvar0l); 
  u_c_l = ser_3x_p2_surfx1_eval_quad_node_1_l(uvar0c); 
  u_c_r = ser_3x_p2_surfx1_eval_quad_node_1_r(uvar0c); 
  u_r_l = ser_3x_p2_surfx1_eval_quad_node_1_l(uvar0r); 
  uquad_l[1] = fmax(fabs(u_l_r), fabs(u_c_l)); 
  uquad_r[1] = fmax(fabs(u_c_r), fabs(u_r_l)); 
  u_l_r = ser_3x_p2_surfx1_eval_quad_node_2_r(uvar0l); 
  u_c_l = ser_3x_p2_surfx1_eval_quad_node_2_l(uvar0c); 
  u_c_r = ser_3x_p2_surfx1_eval_quad_node_2_r(uvar0c); 
  u_r_l = ser_3x_p2_surfx1_eval_quad_node_2_l(uvar0r); 
  uquad_l[2] = fmax(fabs(u_l_r), fabs(u_c_l)); 
  uquad_r[2] = fmax(fabs(u_c_r), fabs(u_r_l)); 
  u_l_r = ser_3x_p2_surfx1_eval_quad_node_3_r(uvar0l); 
  u_c_l = ser_3x_p2_surfx1_eval_quad_node_3_l(uvar0c); 
  u_c_r = ser_3x_p2_surfx1_eval_quad_node_3_r(uvar0c); 
  u_r_l = ser_3x_p2_surfx1_eval_quad_node_3_l(uvar0r); 
  uquad_l[3] = fmax(fabs(u_l_r), fabs(u_c_l)); 
  uquad_r[3] = fmax(fabs(u_c_r), fabs(u_r_l)); 
  u_l_r = ser_3x_p2_surfx1_eval_quad_node_4_r(uvar0l); 
  u_c_l = ser_3x_p2_surfx1_eval_quad_node_4_l(uvar0c); 
  u_c_r = ser_3x_p2_surfx1_eval_quad_node_4_r(uvar0c); 
  u_r_l = ser_3x_p2_surfx1_eval_quad_node_4_l(uvar0r); 
  uquad_l[4] = fmax(fabs(u_l_r), fabs(u_c_l)); 
  uquad_r[4] = fmax(fabs(u_c_r), fabs(u_r_l)); 
  u_l_r = ser_3x_p2_surfx1_eval_quad_node_5_r(uvar0l); 
  u_c_l = ser_3x_p2_surfx1_eval_quad_node_5_l(uvar0c); 
  u_c_r = ser_3x_p2_surfx1_eval_quad_node_5_r(uvar0c); 
  u_r_l = ser_3x_p2_surfx1_eval_quad_node_5_l(uvar0r); 
  uquad_l[5] = fmax(fabs(u_l_r), fabs(u_c_l)); 
  uquad_r[5] = fmax(fabs(u_c_r), fabs(u_r_l)); 
  u_l_r = ser_3x_p2_surfx1_eval_quad_node_6_r(uvar0l); 
  u_c_l = ser_3x_p2_surfx1_eval_quad_node_6_l(uvar0c); 
  u_c_r = ser_3x_p2_surfx1_eval_quad_node_6_r(uvar0c); 
  u_r_l = ser_3x_p2_surfx1_eval_quad_node_6_l(uvar0r); 
  uquad_l[6] = fmax(fabs(u_l_r), fabs(u_c_l)); 
  uquad_r[6] = fmax(fabs(u_c_r), fabs(u_r_l)); 
  u_l_r = ser_3x_p2_surfx1_eval_quad_node_7_r(uvar0l); 
  u_c_l = ser_3x_p2_surfx1_eval_quad_node_7_l(uvar0c); 
  u_c_r = ser_3x_p2_surfx1_eval_quad_node_7_r(uvar0c); 
  u_r_l = ser_3x_p2_surfx1_eval_quad_node_7_l(uvar0r); 
  uquad_l[7] = fmax(fabs(u_l_r), fabs(u_c_l)); 
  uquad_r[7] = fmax(fabs(u_c_r), fabs(u_r_l)); 
  u_l_r = ser_3x_p2_surfx1_eval_quad_node_8_r(uvar0l); 
  u_c_l = ser_3x_p2_surfx1_eval_quad_node_8_l(uvar0c); 
  u_c_r = ser_3x_p2_surfx1_eval_quad_node_8_r(uvar0c); 
  u_r_l = ser_3x_p2_surfx1_eval_quad_node_8_l(uvar0r); 
  uquad_l[8] = fmax(fabs(u_l_r), fabs(u_c_l)); 
  uquad_r[8] = fmax(fabs(u_c_r), fabs(u_r_l)); 

  // Project tensor nodal quadrature basis back onto modal basis. 
  ser_3x_p2_upwind_quad_to_modal(uquad_l, umax_l); 
  ser_3x_p2_upwind_quad_to_modal(uquad_r, umax_r); 

  urec_0_l[0] = 0.3458741190809163*uvar0l[7]+0.3458741190809163*uvar0c[7]+0.4975526040028326*uvar0l[1]-0.4975526040028326*uvar0c[1]+0.3535533905932737*uvar0l[0]+0.3535533905932737*uvar0c[0]; 
  urec_0_l[1] = 0.3458741190809163*uvar0l[11]+0.3458741190809163*uvar0c[11]+0.4975526040028326*uvar0l[4]-0.4975526040028326*uvar0c[4]+0.3535533905932737*uvar0l[2]+0.3535533905932737*uvar0c[2]; 
  urec_0_l[2] = 0.3458741190809163*uvar0l[13]+0.3458741190809163*uvar0c[13]+0.4975526040028326*uvar0l[5]-0.4975526040028326*uvar0c[5]+0.3535533905932737*uvar0l[3]+0.3535533905932737*uvar0c[3]; 
  urec_0_l[3] = 0.3458741190809163*uvar0l[17]+0.3458741190809163*uvar0c[17]+0.4975526040028326*uvar0l[10]-0.4975526040028326*uvar0c[10]+0.3535533905932737*uvar0l[6]+0.3535533905932737*uvar0c[6]; 
  urec_0_l[4] = 0.4975526040028326*uvar0l[12]-0.4975526040028326*uvar0c[12]+0.3535533905932737*uvar0l[8]+0.3535533905932737*uvar0c[8]; 
  urec_0_l[5] = 0.4975526040028326*uvar0l[15]-0.4975526040028326*uvar0c[15]+0.3535533905932737*uvar0l[9]+0.3535533905932737*uvar0c[9]; 
  urec_0_l[6] = 0.4975526040028326*uvar0l[18]-0.4975526040028326*uvar0c[18]+0.3535533905932737*uvar0l[14]+0.3535533905932737*uvar0c[14]; 
  urec_0_l[7] = 0.4975526040028326*uvar0l[19]-0.4975526040028326*uvar0c[19]+0.3535533905932737*uvar0l[16]+0.3535533905932737*uvar0c[16]; 

  urec_1_l[0] = 0.3458741190809163*uvar1l[7]+0.3458741190809163*uvar1c[7]+0.4975526040028326*uvar1l[1]-0.4975526040028326*uvar1c[1]+0.3535533905932737*uvar1l[0]+0.3535533905932737*uvar1c[0]; 
  urec_1_l[1] = 0.3458741190809163*uvar1l[11]+0.3458741190809163*uvar1c[11]+0.4975526040028326*uvar1l[4]-0.4975526040028326*uvar1c[4]+0.3535533905932737*uvar1l[2]+0.3535533905932737*uvar1c[2]; 
  urec_1_l[2] = 0.3458741190809163*uvar1l[13]+0.3458741190809163*uvar1c[13]+0.4975526040028326*uvar1l[5]-0.4975526040028326*uvar1c[5]+0.3535533905932737*uvar1l[3]+0.3535533905932737*uvar1c[3]; 
  urec_1_l[3] = 0.3458741190809163*uvar1l[17]+0.3458741190809163*uvar1c[17]+0.4975526040028326*uvar1l[10]-0.4975526040028326*uvar1c[10]+0.3535533905932737*uvar1l[6]+0.3535533905932737*uvar1c[6]; 
  urec_1_l[4] = 0.4975526040028326*uvar1l[12]-0.4975526040028326*uvar1c[12]+0.3535533905932737*uvar1l[8]+0.3535533905932737*uvar1c[8]; 
  urec_1_l[5] = 0.4975526040028326*uvar1l[15]-0.4975526040028326*uvar1c[15]+0.3535533905932737*uvar1l[9]+0.3535533905932737*uvar1c[9]; 
  urec_1_l[6] = 0.4975526040028326*uvar1l[18]-0.4975526040028326*uvar1c[18]+0.3535533905932737*uvar1l[14]+0.3535533905932737*uvar1c[14]; 
  urec_1_l[7] = 0.4975526040028326*uvar1l[19]-0.4975526040028326*uvar1c[19]+0.3535533905932737*uvar1l[16]+0.3535533905932737*uvar1c[16]; 

  urec_2_l[0] = 0.3458741190809163*uvar2l[7]+0.3458741190809163*uvar2c[7]+0.4975526040028326*uvar2l[1]-0.4975526040028326*uvar2c[1]+0.3535533905932737*uvar2l[0]+0.3535533905932737*uvar2c[0]; 
  urec_2_l[1] = 0.3458741190809163*uvar2l[11]+0.3458741190809163*uvar2c[11]+0.4975526040028326*uvar2l[4]-0.4975526040028326*uvar2c[4]+0.3535533905932737*uvar2l[2]+0.3535533905932737*uvar2c[2]; 
  urec_2_l[2] = 0.3458741190809163*uvar2l[13]+0.3458741190809163*uvar2c[13]+0.4975526040028326*uvar2l[5]-0.4975526040028326*uvar2c[5]+0.3535533905932737*uvar2l[3]+0.3535533905932737*uvar2c[3]; 
  urec_2_l[3] = 0.3458741190809163*uvar2l[17]+0.3458741190809163*uvar2c[17]+0.4975526040028326*uvar2l[10]-0.4975526040028326*uvar2c[10]+0.3535533905932737*uvar2l[6]+0.3535533905932737*uvar2c[6]; 
  urec_2_l[4] = 0.4975526040028326*uvar2l[12]-0.4975526040028326*uvar2c[12]+0.3535533905932737*uvar2l[8]+0.3535533905932737*uvar2c[8]; 
  urec_2_l[5] = 0.4975526040028326*uvar2l[15]-0.4975526040028326*uvar2c[15]+0.3535533905932737*uvar2l[9]+0.3535533905932737*uvar2c[9]; 
  urec_2_l[6] = 0.4975526040028326*uvar2l[18]-0.4975526040028326*uvar2c[18]+0.3535533905932737*uvar2l[14]+0.3535533905932737*uvar2c[14]; 
  urec_2_l[7] = 0.4975526040028326*uvar2l[19]-0.4975526040028326*uvar2c[19]+0.3535533905932737*uvar2l[16]+0.3535533905932737*uvar2c[16]; 

  rhourec_0_l[0] = 0.3458741190809163*rhou0l[7]+0.3458741190809163*rhou0c[7]+0.4975526040028326*rhou0l[1]-0.4975526040028326*rhou0c[1]+0.3535533905932737*rhou0l[0]+0.3535533905932737*rhou0c[0]; 
  rhourec_0_l[1] = 0.3458741190809163*rhou0l[11]+0.3458741190809163*rhou0c[11]+0.4975526040028326*rhou0l[4]-0.4975526040028326*rhou0c[4]+0.3535533905932737*rhou0l[2]+0.3535533905932737*rhou0c[2]; 
  rhourec_0_l[2] = 0.3458741190809163*rhou0l[13]+0.3458741190809163*rhou0c[13]+0.4975526040028326*rhou0l[5]-0.4975526040028326*rhou0c[5]+0.3535533905932737*rhou0l[3]+0.3535533905932737*rhou0c[3]; 
  rhourec_0_l[3] = 0.3458741190809163*rhou0l[17]+0.3458741190809163*rhou0c[17]+0.4975526040028326*rhou0l[10]-0.4975526040028326*rhou0c[10]+0.3535533905932737*rhou0l[6]+0.3535533905932737*rhou0c[6]; 
  rhourec_0_l[4] = 0.4975526040028326*rhou0l[12]-0.4975526040028326*rhou0c[12]+0.3535533905932737*rhou0l[8]+0.3535533905932737*rhou0c[8]; 
  rhourec_0_l[5] = 0.4975526040028326*rhou0l[15]-0.4975526040028326*rhou0c[15]+0.3535533905932737*rhou0l[9]+0.3535533905932737*rhou0c[9]; 
  rhourec_0_l[6] = 0.4975526040028326*rhou0l[18]-0.4975526040028326*rhou0c[18]+0.3535533905932737*rhou0l[14]+0.3535533905932737*rhou0c[14]; 
  rhourec_0_l[7] = 0.4975526040028326*rhou0l[19]-0.4975526040028326*rhou0c[19]+0.3535533905932737*rhou0l[16]+0.3535533905932737*rhou0c[16]; 

  rhourec_1_l[0] = 0.3458741190809163*rhou1l[7]+0.3458741190809163*rhou1c[7]+0.4975526040028326*rhou1l[1]-0.4975526040028326*rhou1c[1]+0.3535533905932737*rhou1l[0]+0.3535533905932737*rhou1c[0]; 
  rhourec_1_l[1] = 0.3458741190809163*rhou1l[11]+0.3458741190809163*rhou1c[11]+0.4975526040028326*rhou1l[4]-0.4975526040028326*rhou1c[4]+0.3535533905932737*rhou1l[2]+0.3535533905932737*rhou1c[2]; 
  rhourec_1_l[2] = 0.3458741190809163*rhou1l[13]+0.3458741190809163*rhou1c[13]+0.4975526040028326*rhou1l[5]-0.4975526040028326*rhou1c[5]+0.3535533905932737*rhou1l[3]+0.3535533905932737*rhou1c[3]; 
  rhourec_1_l[3] = 0.3458741190809163*rhou1l[17]+0.3458741190809163*rhou1c[17]+0.4975526040028326*rhou1l[10]-0.4975526040028326*rhou1c[10]+0.3535533905932737*rhou1l[6]+0.3535533905932737*rhou1c[6]; 
  rhourec_1_l[4] = 0.4975526040028326*rhou1l[12]-0.4975526040028326*rhou1c[12]+0.3535533905932737*rhou1l[8]+0.3535533905932737*rhou1c[8]; 
  rhourec_1_l[5] = 0.4975526040028326*rhou1l[15]-0.4975526040028326*rhou1c[15]+0.3535533905932737*rhou1l[9]+0.3535533905932737*rhou1c[9]; 
  rhourec_1_l[6] = 0.4975526040028326*rhou1l[18]-0.4975526040028326*rhou1c[18]+0.3535533905932737*rhou1l[14]+0.3535533905932737*rhou1c[14]; 
  rhourec_1_l[7] = 0.4975526040028326*rhou1l[19]-0.4975526040028326*rhou1c[19]+0.3535533905932737*rhou1l[16]+0.3535533905932737*rhou1c[16]; 

  rhourec_2_l[0] = 0.3458741190809163*rhou2l[7]+0.3458741190809163*rhou2c[7]+0.4975526040028326*rhou2l[1]-0.4975526040028326*rhou2c[1]+0.3535533905932737*rhou2l[0]+0.3535533905932737*rhou2c[0]; 
  rhourec_2_l[1] = 0.3458741190809163*rhou2l[11]+0.3458741190809163*rhou2c[11]+0.4975526040028326*rhou2l[4]-0.4975526040028326*rhou2c[4]+0.3535533905932737*rhou2l[2]+0.3535533905932737*rhou2c[2]; 
  rhourec_2_l[2] = 0.3458741190809163*rhou2l[13]+0.3458741190809163*rhou2c[13]+0.4975526040028326*rhou2l[5]-0.4975526040028326*rhou2c[5]+0.3535533905932737*rhou2l[3]+0.3535533905932737*rhou2c[3]; 
  rhourec_2_l[3] = 0.3458741190809163*rhou2l[17]+0.3458741190809163*rhou2c[17]+0.4975526040028326*rhou2l[10]-0.4975526040028326*rhou2c[10]+0.3535533905932737*rhou2l[6]+0.3535533905932737*rhou2c[6]; 
  rhourec_2_l[4] = 0.4975526040028326*rhou2l[12]-0.4975526040028326*rhou2c[12]+0.3535533905932737*rhou2l[8]+0.3535533905932737*rhou2c[8]; 
  rhourec_2_l[5] = 0.4975526040028326*rhou2l[15]-0.4975526040028326*rhou2c[15]+0.3535533905932737*rhou2l[9]+0.3535533905932737*rhou2c[9]; 
  rhourec_2_l[6] = 0.4975526040028326*rhou2l[18]-0.4975526040028326*rhou2c[18]+0.3535533905932737*rhou2l[14]+0.3535533905932737*rhou2c[14]; 
  rhourec_2_l[7] = 0.4975526040028326*rhou2l[19]-0.4975526040028326*rhou2c[19]+0.3535533905932737*rhou2l[16]+0.3535533905932737*rhou2c[16]; 

  rhorec_l[0] = 0.3458741190809163*rhol[7]+0.3458741190809163*rhoc[7]+0.4975526040028326*rhol[1]-0.4975526040028326*rhoc[1]+0.3535533905932737*rhol[0]+0.3535533905932737*rhoc[0]; 
  rhorec_l[1] = 0.3458741190809163*rhol[11]+0.3458741190809163*rhoc[11]+0.4975526040028326*rhol[4]-0.4975526040028326*rhoc[4]+0.3535533905932737*rhol[2]+0.3535533905932737*rhoc[2]; 
  rhorec_l[2] = 0.3458741190809163*rhol[13]+0.3458741190809163*rhoc[13]+0.4975526040028326*rhol[5]-0.4975526040028326*rhoc[5]+0.3535533905932737*rhol[3]+0.3535533905932737*rhoc[3]; 
  rhorec_l[3] = 0.3458741190809163*rhol[17]+0.3458741190809163*rhoc[17]+0.4975526040028326*rhol[10]-0.4975526040028326*rhoc[10]+0.3535533905932737*rhol[6]+0.3535533905932737*rhoc[6]; 
  rhorec_l[4] = 0.4975526040028326*rhol[12]-0.4975526040028326*rhoc[12]+0.3535533905932737*rhol[8]+0.3535533905932737*rhoc[8]; 
  rhorec_l[5] = 0.4975526040028326*rhol[15]-0.4975526040028326*rhoc[15]+0.3535533905932737*rhol[9]+0.3535533905932737*rhoc[9]; 
  rhorec_l[6] = 0.4975526040028326*rhol[18]-0.4975526040028326*rhoc[18]+0.3535533905932737*rhol[14]+0.3535533905932737*rhoc[14]; 
  rhorec_l[7] = 0.4975526040028326*rhol[19]-0.4975526040028326*rhoc[19]+0.3535533905932737*rhol[16]+0.3535533905932737*rhoc[16]; 

  urec_0_r[0] = 0.3458741190809163*uvar0r[7]+0.3458741190809163*uvar0c[7]-0.4975526040028326*uvar0r[1]+0.4975526040028326*uvar0c[1]+0.3535533905932737*uvar0r[0]+0.3535533905932737*uvar0c[0]; 
  urec_0_r[1] = 0.3458741190809163*uvar0r[11]+0.3458741190809163*uvar0c[11]-0.4975526040028326*uvar0r[4]+0.4975526040028326*uvar0c[4]+0.3535533905932737*uvar0r[2]+0.3535533905932737*uvar0c[2]; 
  urec_0_r[2] = 0.3458741190809163*uvar0r[13]+0.3458741190809163*uvar0c[13]-0.4975526040028326*uvar0r[5]+0.4975526040028326*uvar0c[5]+0.3535533905932737*uvar0r[3]+0.3535533905932737*uvar0c[3]; 
  urec_0_r[3] = 0.3458741190809163*uvar0r[17]+0.3458741190809163*uvar0c[17]-0.4975526040028326*uvar0r[10]+0.4975526040028326*uvar0c[10]+0.3535533905932737*uvar0r[6]+0.3535533905932737*uvar0c[6]; 
  urec_0_r[4] = (-0.4975526040028326*uvar0r[12])+0.4975526040028326*uvar0c[12]+0.3535533905932737*uvar0r[8]+0.3535533905932737*uvar0c[8]; 
  urec_0_r[5] = (-0.4975526040028326*uvar0r[15])+0.4975526040028326*uvar0c[15]+0.3535533905932737*uvar0r[9]+0.3535533905932737*uvar0c[9]; 
  urec_0_r[6] = (-0.4975526040028326*uvar0r[18])+0.4975526040028326*uvar0c[18]+0.3535533905932737*uvar0r[14]+0.3535533905932737*uvar0c[14]; 
  urec_0_r[7] = (-0.4975526040028326*uvar0r[19])+0.4975526040028326*uvar0c[19]+0.3535533905932737*uvar0r[16]+0.3535533905932737*uvar0c[16]; 

  urec_1_r[0] = 0.3458741190809163*uvar1r[7]+0.3458741190809163*uvar1c[7]-0.4975526040028326*uvar1r[1]+0.4975526040028326*uvar1c[1]+0.3535533905932737*uvar1r[0]+0.3535533905932737*uvar1c[0]; 
  urec_1_r[1] = 0.3458741190809163*uvar1r[11]+0.3458741190809163*uvar1c[11]-0.4975526040028326*uvar1r[4]+0.4975526040028326*uvar1c[4]+0.3535533905932737*uvar1r[2]+0.3535533905932737*uvar1c[2]; 
  urec_1_r[2] = 0.3458741190809163*uvar1r[13]+0.3458741190809163*uvar1c[13]-0.4975526040028326*uvar1r[5]+0.4975526040028326*uvar1c[5]+0.3535533905932737*uvar1r[3]+0.3535533905932737*uvar1c[3]; 
  urec_1_r[3] = 0.3458741190809163*uvar1r[17]+0.3458741190809163*uvar1c[17]-0.4975526040028326*uvar1r[10]+0.4975526040028326*uvar1c[10]+0.3535533905932737*uvar1r[6]+0.3535533905932737*uvar1c[6]; 
  urec_1_r[4] = (-0.4975526040028326*uvar1r[12])+0.4975526040028326*uvar1c[12]+0.3535533905932737*uvar1r[8]+0.3535533905932737*uvar1c[8]; 
  urec_1_r[5] = (-0.4975526040028326*uvar1r[15])+0.4975526040028326*uvar1c[15]+0.3535533905932737*uvar1r[9]+0.3535533905932737*uvar1c[9]; 
  urec_1_r[6] = (-0.4975526040028326*uvar1r[18])+0.4975526040028326*uvar1c[18]+0.3535533905932737*uvar1r[14]+0.3535533905932737*uvar1c[14]; 
  urec_1_r[7] = (-0.4975526040028326*uvar1r[19])+0.4975526040028326*uvar1c[19]+0.3535533905932737*uvar1r[16]+0.3535533905932737*uvar1c[16]; 

  urec_2_r[0] = 0.3458741190809163*uvar2l[7]+0.3458741190809163*uvar2c[7]-0.4975526040028326*uvar2l[1]+0.4975526040028326*uvar2c[1]+0.3535533905932737*uvar2l[0]+0.3535533905932737*uvar2c[0]; 
  urec_2_r[1] = 0.3458741190809163*uvar2l[11]+0.3458741190809163*uvar2c[11]-0.4975526040028326*uvar2l[4]+0.4975526040028326*uvar2c[4]+0.3535533905932737*uvar2l[2]+0.3535533905932737*uvar2c[2]; 
  urec_2_r[2] = 0.3458741190809163*uvar2l[13]+0.3458741190809163*uvar2c[13]-0.4975526040028326*uvar2l[5]+0.4975526040028326*uvar2c[5]+0.3535533905932737*uvar2l[3]+0.3535533905932737*uvar2c[3]; 
  urec_2_r[3] = 0.3458741190809163*uvar2l[17]+0.3458741190809163*uvar2c[17]-0.4975526040028326*uvar2l[10]+0.4975526040028326*uvar2c[10]+0.3535533905932737*uvar2l[6]+0.3535533905932737*uvar2c[6]; 
  urec_2_r[4] = (-0.4975526040028326*uvar2l[12])+0.4975526040028326*uvar2c[12]+0.3535533905932737*uvar2l[8]+0.3535533905932737*uvar2c[8]; 
  urec_2_r[5] = (-0.4975526040028326*uvar2l[15])+0.4975526040028326*uvar2c[15]+0.3535533905932737*uvar2l[9]+0.3535533905932737*uvar2c[9]; 
  urec_2_r[6] = (-0.4975526040028326*uvar2l[18])+0.4975526040028326*uvar2c[18]+0.3535533905932737*uvar2l[14]+0.3535533905932737*uvar2c[14]; 
  urec_2_r[7] = (-0.4975526040028326*uvar2l[19])+0.4975526040028326*uvar2c[19]+0.3535533905932737*uvar2l[16]+0.3535533905932737*uvar2c[16]; 

  rhourec_0_r[0] = 0.3458741190809163*rhou0r[7]+0.3458741190809163*rhou0c[7]-0.4975526040028326*rhou0r[1]+0.4975526040028326*rhou0c[1]+0.3535533905932737*rhou0r[0]+0.3535533905932737*rhou0c[0]; 
  rhourec_0_r[1] = 0.3458741190809163*rhou0r[11]+0.3458741190809163*rhou0c[11]-0.4975526040028326*rhou0r[4]+0.4975526040028326*rhou0c[4]+0.3535533905932737*rhou0r[2]+0.3535533905932737*rhou0c[2]; 
  rhourec_0_r[2] = 0.3458741190809163*rhou0r[13]+0.3458741190809163*rhou0c[13]-0.4975526040028326*rhou0r[5]+0.4975526040028326*rhou0c[5]+0.3535533905932737*rhou0r[3]+0.3535533905932737*rhou0c[3]; 
  rhourec_0_r[3] = 0.3458741190809163*rhou0r[17]+0.3458741190809163*rhou0c[17]-0.4975526040028326*rhou0r[10]+0.4975526040028326*rhou0c[10]+0.3535533905932737*rhou0r[6]+0.3535533905932737*rhou0c[6]; 
  rhourec_0_r[4] = (-0.4975526040028326*rhou0r[12])+0.4975526040028326*rhou0c[12]+0.3535533905932737*rhou0r[8]+0.3535533905932737*rhou0c[8]; 
  rhourec_0_r[5] = (-0.4975526040028326*rhou0r[15])+0.4975526040028326*rhou0c[15]+0.3535533905932737*rhou0r[9]+0.3535533905932737*rhou0c[9]; 
  rhourec_0_r[6] = (-0.4975526040028326*rhou0r[18])+0.4975526040028326*rhou0c[18]+0.3535533905932737*rhou0r[14]+0.3535533905932737*rhou0c[14]; 
  rhourec_0_r[7] = (-0.4975526040028326*rhou0r[19])+0.4975526040028326*rhou0c[19]+0.3535533905932737*rhou0r[16]+0.3535533905932737*rhou0c[16]; 

  rhourec_1_r[0] = 0.3458741190809163*rhou1r[7]+0.3458741190809163*rhou1c[7]-0.4975526040028326*rhou1r[1]+0.4975526040028326*rhou1c[1]+0.3535533905932737*rhou1r[0]+0.3535533905932737*rhou1c[0]; 
  rhourec_1_r[1] = 0.3458741190809163*rhou1r[11]+0.3458741190809163*rhou1c[11]-0.4975526040028326*rhou1r[4]+0.4975526040028326*rhou1c[4]+0.3535533905932737*rhou1r[2]+0.3535533905932737*rhou1c[2]; 
  rhourec_1_r[2] = 0.3458741190809163*rhou1r[13]+0.3458741190809163*rhou1c[13]-0.4975526040028326*rhou1r[5]+0.4975526040028326*rhou1c[5]+0.3535533905932737*rhou1r[3]+0.3535533905932737*rhou1c[3]; 
  rhourec_1_r[3] = 0.3458741190809163*rhou1r[17]+0.3458741190809163*rhou1c[17]-0.4975526040028326*rhou1r[10]+0.4975526040028326*rhou1c[10]+0.3535533905932737*rhou1r[6]+0.3535533905932737*rhou1c[6]; 
  rhourec_1_r[4] = (-0.4975526040028326*rhou1r[12])+0.4975526040028326*rhou1c[12]+0.3535533905932737*rhou1r[8]+0.3535533905932737*rhou1c[8]; 
  rhourec_1_r[5] = (-0.4975526040028326*rhou1r[15])+0.4975526040028326*rhou1c[15]+0.3535533905932737*rhou1r[9]+0.3535533905932737*rhou1c[9]; 
  rhourec_1_r[6] = (-0.4975526040028326*rhou1r[18])+0.4975526040028326*rhou1c[18]+0.3535533905932737*rhou1r[14]+0.3535533905932737*rhou1c[14]; 
  rhourec_1_r[7] = (-0.4975526040028326*rhou1r[19])+0.4975526040028326*rhou1c[19]+0.3535533905932737*rhou1r[16]+0.3535533905932737*rhou1c[16]; 

  rhourec_2_r[0] = 0.3458741190809163*rhou2r[7]+0.3458741190809163*rhou2c[7]-0.4975526040028326*rhou2r[1]+0.4975526040028326*rhou2c[1]+0.3535533905932737*rhou2r[0]+0.3535533905932737*rhou2c[0]; 
  rhourec_2_r[1] = 0.3458741190809163*rhou2r[11]+0.3458741190809163*rhou2c[11]-0.4975526040028326*rhou2r[4]+0.4975526040028326*rhou2c[4]+0.3535533905932737*rhou2r[2]+0.3535533905932737*rhou2c[2]; 
  rhourec_2_r[2] = 0.3458741190809163*rhou2r[13]+0.3458741190809163*rhou2c[13]-0.4975526040028326*rhou2r[5]+0.4975526040028326*rhou2c[5]+0.3535533905932737*rhou2r[3]+0.3535533905932737*rhou2c[3]; 
  rhourec_2_r[3] = 0.3458741190809163*rhou2r[17]+0.3458741190809163*rhou2c[17]-0.4975526040028326*rhou2r[10]+0.4975526040028326*rhou2c[10]+0.3535533905932737*rhou2r[6]+0.3535533905932737*rhou2c[6]; 
  rhourec_2_r[4] = (-0.4975526040028326*rhou2r[12])+0.4975526040028326*rhou2c[12]+0.3535533905932737*rhou2r[8]+0.3535533905932737*rhou2c[8]; 
  rhourec_2_r[5] = (-0.4975526040028326*rhou2r[15])+0.4975526040028326*rhou2c[15]+0.3535533905932737*rhou2r[9]+0.3535533905932737*rhou2c[9]; 
  rhourec_2_r[6] = (-0.4975526040028326*rhou2r[18])+0.4975526040028326*rhou2c[18]+0.3535533905932737*rhou2r[14]+0.3535533905932737*rhou2c[14]; 
  rhourec_2_r[7] = (-0.4975526040028326*rhou2r[19])+0.4975526040028326*rhou2c[19]+0.3535533905932737*rhou2r[16]+0.3535533905932737*rhou2c[16]; 

  rhorec_r[0] = 0.3458741190809163*rhor[7]+0.3458741190809163*rhoc[7]-0.4975526040028326*rhor[1]+0.4975526040028326*rhoc[1]+0.3535533905932737*rhor[0]+0.3535533905932737*rhoc[0]; 
  rhorec_r[1] = 0.3458741190809163*rhor[11]+0.3458741190809163*rhoc[11]-0.4975526040028326*rhor[4]+0.4975526040028326*rhoc[4]+0.3535533905932737*rhor[2]+0.3535533905932737*rhoc[2]; 
  rhorec_r[2] = 0.3458741190809163*rhor[13]+0.3458741190809163*rhoc[13]-0.4975526040028326*rhor[5]+0.4975526040028326*rhoc[5]+0.3535533905932737*rhor[3]+0.3535533905932737*rhoc[3]; 
  rhorec_r[3] = 0.3458741190809163*rhor[17]+0.3458741190809163*rhoc[17]-0.4975526040028326*rhor[10]+0.4975526040028326*rhoc[10]+0.3535533905932737*rhor[6]+0.3535533905932737*rhoc[6]; 
  rhorec_r[4] = (-0.4975526040028326*rhor[12])+0.4975526040028326*rhoc[12]+0.3535533905932737*rhor[8]+0.3535533905932737*rhoc[8]; 
  rhorec_r[5] = (-0.4975526040028326*rhor[15])+0.4975526040028326*rhoc[15]+0.3535533905932737*rhor[9]+0.3535533905932737*rhoc[9]; 
  rhorec_r[6] = (-0.4975526040028326*rhor[18])+0.4975526040028326*rhoc[18]+0.3535533905932737*rhor[14]+0.3535533905932737*rhoc[14]; 
  rhorec_r[7] = (-0.4975526040028326*rhor[19])+0.4975526040028326*rhoc[19]+0.3535533905932737*rhor[16]+0.3535533905932737*rhoc[16]; 

  ghat_rho_l[0] = 0.3061862178478971*umax_l[7]*rhol[19]+0.3061862178478971*umax_l[7]*rhoc[19]+0.3061862178478971*umax_l[6]*rhol[18]+0.3061862178478971*umax_l[6]*rhoc[18]+0.3952847075210473*umax_l[3]*rhol[17]-0.3952847075210473*umax_l[3]*rhoc[17]+0.1767766952966368*umax_l[7]*rhol[16]-0.1767766952966368*umax_l[7]*rhoc[16]+0.3061862178478971*umax_l[5]*rhol[15]+0.3061862178478971*umax_l[5]*rhoc[15]+0.1767766952966368*umax_l[6]*rhol[14]-0.1767766952966368*umax_l[6]*rhoc[14]+0.3952847075210473*umax_l[2]*rhol[13]-0.3952847075210473*umax_l[2]*rhoc[13]+0.3061862178478971*umax_l[4]*rhol[12]+0.3061862178478971*umax_l[4]*rhoc[12]+0.3952847075210473*umax_l[1]*rhol[11]-0.3952847075210473*umax_l[1]*rhoc[11]+0.3061862178478971*umax_l[3]*rhol[10]+0.3061862178478971*umax_l[3]*rhoc[10]+0.1767766952966368*umax_l[5]*rhol[9]-0.1767766952966368*umax_l[5]*rhoc[9]+0.1767766952966368*umax_l[4]*rhol[8]-0.1767766952966368*umax_l[4]*rhoc[8]+0.3952847075210473*umax_l[0]*rhol[7]-0.3952847075210473*umax_l[0]*rhoc[7]+0.1767766952966368*umax_l[3]*rhol[6]-0.1767766952966368*umax_l[3]*rhoc[6]+0.3061862178478971*umax_l[2]*rhol[5]+0.3061862178478971*umax_l[2]*rhoc[5]+0.3061862178478971*umax_l[1]*rhol[4]+0.3061862178478971*umax_l[1]*rhoc[4]+0.1767766952966368*umax_l[2]*rhol[3]-0.1767766952966368*umax_l[2]*rhoc[3]+0.1767766952966368*umax_l[1]*rhol[2]-0.1767766952966368*umax_l[1]*rhoc[2]+0.3061862178478971*umax_l[0]*rhol[1]+0.3061862178478971*umax_l[0]*rhoc[1]+0.1767766952966368*rhol[0]*umax_l[0]-0.1767766952966368*rhoc[0]*umax_l[0]+rhourec_0_l[0]; 
  ghat_rho_l[1] = 0.3061862178478971*umax_l[5]*rhol[19]+0.3061862178478971*umax_l[5]*rhoc[19]+0.273861278752583*umax_l[3]*rhol[18]+0.273861278752583*umax_l[3]*rhoc[18]+0.3535533905932737*umax_l[6]*rhol[17]+0.3952847075210473*umax_l[2]*rhol[17]-0.3535533905932737*umax_l[6]*rhoc[17]-0.3952847075210473*umax_l[2]*rhoc[17]+0.1767766952966368*umax_l[5]*rhol[16]-0.1767766952966368*umax_l[5]*rhoc[16]+0.3061862178478971*umax_l[7]*rhol[15]+0.3061862178478971*umax_l[7]*rhoc[15]+0.1581138830084189*umax_l[3]*rhol[14]-0.1581138830084189*umax_l[3]*rhoc[14]+0.3952847075210473*umax_l[3]*rhol[13]-0.3952847075210473*umax_l[3]*rhoc[13]+0.273861278752583*umax_l[1]*rhol[12]+0.273861278752583*umax_l[1]*rhoc[12]+0.3535533905932737*umax_l[4]*rhol[11]+0.3952847075210473*umax_l[0]*rhol[11]-0.3535533905932737*umax_l[4]*rhoc[11]-0.3952847075210473*umax_l[0]*rhoc[11]+0.273861278752583*umax_l[6]*rhol[10]+0.3061862178478971*umax_l[2]*rhol[10]+0.273861278752583*umax_l[6]*rhoc[10]+0.3061862178478971*umax_l[2]*rhoc[10]+0.1767766952966368*umax_l[7]*rhol[9]-0.1767766952966368*umax_l[7]*rhoc[9]+0.1581138830084189*umax_l[1]*rhol[8]-0.1581138830084189*umax_l[1]*rhoc[8]+0.3952847075210473*umax_l[1]*rhol[7]-0.3952847075210473*umax_l[1]*rhoc[7]+0.1581138830084189*rhol[6]*umax_l[6]-0.1581138830084189*rhoc[6]*umax_l[6]+0.1767766952966368*umax_l[2]*rhol[6]-0.1767766952966368*umax_l[2]*rhoc[6]+0.3061862178478971*umax_l[3]*rhol[5]+0.3061862178478971*umax_l[3]*rhoc[5]+0.273861278752583*rhol[4]*umax_l[4]+0.273861278752583*rhoc[4]*umax_l[4]+0.1581138830084189*rhol[2]*umax_l[4]-0.1581138830084189*rhoc[2]*umax_l[4]+0.3061862178478971*umax_l[0]*rhol[4]+0.3061862178478971*umax_l[0]*rhoc[4]+0.1767766952966368*rhol[3]*umax_l[3]-0.1767766952966368*rhoc[3]*umax_l[3]+0.1767766952966368*umax_l[0]*rhol[2]-0.1767766952966368*umax_l[0]*rhoc[2]+0.3061862178478971*rhol[1]*umax_l[1]+0.3061862178478971*rhoc[1]*umax_l[1]+0.1767766952966368*rhol[0]*umax_l[1]-0.1767766952966368*rhoc[0]*umax_l[1]+rhourec_0_l[1]; 
  ghat_rho_l[2] = 0.273861278752583*umax_l[3]*rhol[19]+0.273861278752583*umax_l[3]*rhoc[19]+0.3061862178478971*umax_l[4]*rhol[18]+0.3061862178478971*umax_l[4]*rhoc[18]+0.3535533905932737*umax_l[7]*rhol[17]+0.3952847075210473*umax_l[1]*rhol[17]-0.3535533905932737*umax_l[7]*rhoc[17]-0.3952847075210473*umax_l[1]*rhoc[17]+0.1581138830084189*umax_l[3]*rhol[16]-0.1581138830084189*umax_l[3]*rhoc[16]+0.273861278752583*umax_l[2]*rhol[15]+0.273861278752583*umax_l[2]*rhoc[15]+0.1767766952966368*umax_l[4]*rhol[14]-0.1767766952966368*umax_l[4]*rhoc[14]+0.3535533905932737*umax_l[5]*rhol[13]+0.3952847075210473*umax_l[0]*rhol[13]-0.3535533905932737*umax_l[5]*rhoc[13]-0.3952847075210473*umax_l[0]*rhoc[13]+0.3061862178478971*umax_l[6]*rhol[12]+0.3061862178478971*umax_l[6]*rhoc[12]+0.3952847075210473*umax_l[3]*rhol[11]-0.3952847075210473*umax_l[3]*rhoc[11]+0.273861278752583*umax_l[7]*rhol[10]+0.3061862178478971*umax_l[1]*rhol[10]+0.273861278752583*umax_l[7]*rhoc[10]+0.3061862178478971*umax_l[1]*rhoc[10]+0.1581138830084189*umax_l[2]*rhol[9]-0.1581138830084189*umax_l[2]*rhoc[9]+0.1767766952966368*umax_l[6]*rhol[8]-0.1767766952966368*umax_l[6]*rhoc[8]+0.1581138830084189*rhol[6]*umax_l[7]-0.1581138830084189*rhoc[6]*umax_l[7]+0.3952847075210473*umax_l[2]*rhol[7]-0.3952847075210473*umax_l[2]*rhoc[7]+0.1767766952966368*umax_l[1]*rhol[6]-0.1767766952966368*umax_l[1]*rhoc[6]+0.273861278752583*rhol[5]*umax_l[5]+0.273861278752583*rhoc[5]*umax_l[5]+0.1581138830084189*rhol[3]*umax_l[5]-0.1581138830084189*rhoc[3]*umax_l[5]+0.3061862178478971*umax_l[0]*rhol[5]+0.3061862178478971*umax_l[0]*rhoc[5]+0.3061862178478971*umax_l[3]*rhol[4]+0.3061862178478971*umax_l[3]*rhoc[4]+0.1767766952966368*rhol[2]*umax_l[3]-0.1767766952966368*rhoc[2]*umax_l[3]+0.1767766952966368*umax_l[0]*rhol[3]-0.1767766952966368*umax_l[0]*rhoc[3]+0.3061862178478971*rhol[1]*umax_l[2]+0.3061862178478971*rhoc[1]*umax_l[2]+0.1767766952966368*rhol[0]*umax_l[2]-0.1767766952966368*rhoc[0]*umax_l[2]+rhourec_0_l[2]; 
  ghat_rho_l[3] = 0.2449489742783177*umax_l[6]*rhol[19]+0.273861278752583*umax_l[2]*rhol[19]+0.2449489742783177*umax_l[6]*rhoc[19]+0.273861278752583*umax_l[2]*rhoc[19]+0.2449489742783177*umax_l[7]*rhol[18]+0.273861278752583*umax_l[1]*rhol[18]+0.2449489742783177*umax_l[7]*rhoc[18]+0.273861278752583*umax_l[1]*rhoc[18]+0.3535533905932737*umax_l[5]*rhol[17]+0.3535533905932737*umax_l[4]*rhol[17]+0.3952847075210473*umax_l[0]*rhol[17]-0.3535533905932737*umax_l[5]*rhoc[17]-0.3535533905932737*umax_l[4]*rhoc[17]-0.3952847075210473*umax_l[0]*rhoc[17]+0.1414213562373095*umax_l[6]*rhol[16]+0.1581138830084189*umax_l[2]*rhol[16]-0.1414213562373095*umax_l[6]*rhoc[16]-0.1581138830084189*umax_l[2]*rhoc[16]+0.273861278752583*umax_l[3]*rhol[15]+0.273861278752583*umax_l[3]*rhoc[15]+0.1414213562373095*umax_l[7]*rhol[14]+0.1581138830084189*umax_l[1]*rhol[14]-0.1414213562373095*umax_l[7]*rhoc[14]-0.1581138830084189*umax_l[1]*rhoc[14]+0.3535533905932737*umax_l[7]*rhol[13]+0.3952847075210473*umax_l[1]*rhol[13]-0.3535533905932737*umax_l[7]*rhoc[13]-0.3952847075210473*umax_l[1]*rhoc[13]+0.273861278752583*umax_l[3]*rhol[12]+0.273861278752583*umax_l[3]*rhoc[12]+0.3535533905932737*umax_l[6]*rhol[11]+0.3952847075210473*umax_l[2]*rhol[11]-0.3535533905932737*umax_l[6]*rhoc[11]-0.3952847075210473*umax_l[2]*rhoc[11]+0.273861278752583*umax_l[5]*rhol[10]+0.273861278752583*umax_l[4]*rhol[10]+0.3061862178478971*umax_l[0]*rhol[10]+0.273861278752583*umax_l[5]*rhoc[10]+0.273861278752583*umax_l[4]*rhoc[10]+0.3061862178478971*umax_l[0]*rhoc[10]+0.1581138830084189*umax_l[3]*rhol[9]-0.1581138830084189*umax_l[3]*rhoc[9]+0.1581138830084189*umax_l[3]*rhol[8]-0.1581138830084189*umax_l[3]*rhoc[8]+0.273861278752583*rhol[5]*umax_l[7]+0.273861278752583*rhoc[5]*umax_l[7]+0.1581138830084189*rhol[3]*umax_l[7]-0.1581138830084189*rhoc[3]*umax_l[7]+0.3952847075210473*umax_l[3]*rhol[7]-0.3952847075210473*umax_l[3]*rhoc[7]+0.273861278752583*rhol[4]*umax_l[6]+0.273861278752583*rhoc[4]*umax_l[6]+0.1581138830084189*rhol[2]*umax_l[6]-0.1581138830084189*rhoc[2]*umax_l[6]+0.1581138830084189*umax_l[5]*rhol[6]+0.1581138830084189*umax_l[4]*rhol[6]+0.1767766952966368*umax_l[0]*rhol[6]-0.1581138830084189*umax_l[5]*rhoc[6]-0.1581138830084189*umax_l[4]*rhoc[6]-0.1767766952966368*umax_l[0]*rhoc[6]+0.3061862178478971*umax_l[1]*rhol[5]+0.3061862178478971*umax_l[1]*rhoc[5]+0.3061862178478971*umax_l[2]*rhol[4]+0.3061862178478971*umax_l[2]*rhoc[4]+0.3061862178478971*rhol[1]*umax_l[3]+0.3061862178478971*rhoc[1]*umax_l[3]+0.1767766952966368*rhol[0]*umax_l[3]-0.1767766952966368*rhoc[0]*umax_l[3]+rhourec_0_l[3]+0.1767766952966368*umax_l[1]*rhol[3]-0.1767766952966368*umax_l[1]*rhoc[3]+0.1767766952966368*rhol[2]*umax_l[2]-0.1767766952966368*rhoc[2]*umax_l[2]; 
  ghat_rho_l[4] = 0.273861278752583*umax_l[7]*rhol[19]+0.273861278752583*umax_l[7]*rhoc[19]+0.1956151991089878*umax_l[6]*rhol[18]+0.3061862178478971*umax_l[2]*rhol[18]+0.1956151991089878*umax_l[6]*rhoc[18]+0.3061862178478971*umax_l[2]*rhoc[18]+0.3535533905932737*umax_l[3]*rhol[17]-0.3535533905932737*umax_l[3]*rhoc[17]+0.1581138830084189*umax_l[7]*rhol[16]-0.1581138830084189*umax_l[7]*rhoc[16]+0.1129384878631564*umax_l[6]*rhol[14]+0.1767766952966368*umax_l[2]*rhol[14]-0.1129384878631564*umax_l[6]*rhoc[14]-0.1767766952966368*umax_l[2]*rhoc[14]+0.3952847075210473*umax_l[6]*rhol[13]-0.3952847075210473*umax_l[6]*rhoc[13]+0.1956151991089878*umax_l[4]*rhol[12]+0.3061862178478971*umax_l[0]*rhol[12]+0.1956151991089878*umax_l[4]*rhoc[12]+0.3061862178478971*umax_l[0]*rhoc[12]+0.3535533905932737*umax_l[1]*rhol[11]-0.3535533905932737*umax_l[1]*rhoc[11]+0.273861278752583*umax_l[3]*rhol[10]+0.273861278752583*umax_l[3]*rhoc[10]+0.1129384878631564*umax_l[4]*rhol[8]+0.1767766952966368*umax_l[0]*rhol[8]-0.1129384878631564*umax_l[4]*rhoc[8]-0.1767766952966368*umax_l[0]*rhoc[8]+0.3952847075210473*umax_l[4]*rhol[7]-0.3952847075210473*umax_l[4]*rhoc[7]+0.3061862178478971*rhol[5]*umax_l[6]+0.3061862178478971*rhoc[5]*umax_l[6]+0.1767766952966368*rhol[3]*umax_l[6]-0.1767766952966368*rhoc[3]*umax_l[6]+0.1581138830084189*umax_l[3]*rhol[6]-0.1581138830084189*umax_l[3]*rhoc[6]+0.3061862178478971*rhol[1]*umax_l[4]+0.3061862178478971*rhoc[1]*umax_l[4]+0.1767766952966368*rhol[0]*umax_l[4]-0.1767766952966368*rhoc[0]*umax_l[4]+rhourec_0_l[4]+0.273861278752583*umax_l[1]*rhol[4]+0.273861278752583*umax_l[1]*rhoc[4]+0.1581138830084189*umax_l[1]*rhol[2]-0.1581138830084189*umax_l[1]*rhoc[2]; 
  ghat_rho_l[5] = 0.1956151991089878*umax_l[7]*rhol[19]+0.3061862178478971*umax_l[1]*rhol[19]+0.1956151991089878*umax_l[7]*rhoc[19]+0.3061862178478971*umax_l[1]*rhoc[19]+0.273861278752583*umax_l[6]*rhol[18]+0.273861278752583*umax_l[6]*rhoc[18]+0.3535533905932737*umax_l[3]*rhol[17]-0.3535533905932737*umax_l[3]*rhoc[17]+0.1129384878631564*umax_l[7]*rhol[16]+0.1767766952966368*umax_l[1]*rhol[16]-0.1129384878631564*umax_l[7]*rhoc[16]-0.1767766952966368*umax_l[1]*rhoc[16]+0.1956151991089878*umax_l[5]*rhol[15]+0.3061862178478971*umax_l[0]*rhol[15]+0.1956151991089878*umax_l[5]*rhoc[15]+0.3061862178478971*umax_l[0]*rhoc[15]+0.1581138830084189*umax_l[6]*rhol[14]-0.1581138830084189*umax_l[6]*rhoc[14]+0.3535533905932737*umax_l[2]*rhol[13]-0.3535533905932737*umax_l[2]*rhoc[13]+0.3952847075210473*umax_l[7]*rhol[11]-0.3952847075210473*umax_l[7]*rhoc[11]+0.273861278752583*umax_l[3]*rhol[10]+0.273861278752583*umax_l[3]*rhoc[10]+0.1129384878631564*umax_l[5]*rhol[9]+0.1767766952966368*umax_l[0]*rhol[9]-0.1129384878631564*umax_l[5]*rhoc[9]-0.1767766952966368*umax_l[0]*rhoc[9]+0.3061862178478971*rhol[4]*umax_l[7]+0.3061862178478971*rhoc[4]*umax_l[7]+0.1767766952966368*rhol[2]*umax_l[7]-0.1767766952966368*rhoc[2]*umax_l[7]+0.3952847075210473*umax_l[5]*rhol[7]-0.3952847075210473*umax_l[5]*rhoc[7]+0.1581138830084189*umax_l[3]*rhol[6]-0.1581138830084189*umax_l[3]*rhoc[6]+0.3061862178478971*rhol[1]*umax_l[5]+0.3061862178478971*rhoc[1]*umax_l[5]+0.1767766952966368*rhol[0]*umax_l[5]-0.1767766952966368*rhoc[0]*umax_l[5]+rhourec_0_l[5]+0.273861278752583*umax_l[2]*rhol[5]+0.273861278752583*umax_l[2]*rhoc[5]+0.1581138830084189*umax_l[2]*rhol[3]-0.1581138830084189*umax_l[2]*rhoc[3]; 
  ghat_rho_l[6] = 0.2449489742783177*umax_l[3]*rhol[19]+0.2449489742783177*umax_l[3]*rhoc[19]+0.273861278752583*umax_l[5]*rhol[18]+0.1956151991089878*umax_l[4]*rhol[18]+0.3061862178478971*umax_l[0]*rhol[18]+0.273861278752583*umax_l[5]*rhoc[18]+0.1956151991089878*umax_l[4]*rhoc[18]+0.3061862178478971*umax_l[0]*rhoc[18]+0.3162277660168379*umax_l[7]*rhol[17]+0.3535533905932737*umax_l[1]*rhol[17]-0.3162277660168379*umax_l[7]*rhoc[17]-0.3535533905932737*umax_l[1]*rhoc[17]+0.1414213562373095*umax_l[3]*rhol[16]-0.1414213562373095*umax_l[3]*rhoc[16]+0.273861278752583*umax_l[6]*rhol[15]+0.273861278752583*umax_l[6]*rhoc[15]+0.1581138830084189*umax_l[5]*rhol[14]+0.1129384878631564*umax_l[4]*rhol[14]+0.1767766952966368*umax_l[0]*rhol[14]-0.1581138830084189*umax_l[5]*rhoc[14]-0.1129384878631564*umax_l[4]*rhoc[14]-0.1767766952966368*umax_l[0]*rhoc[14]+0.3952847075210473*umax_l[4]*rhol[13]-0.3952847075210473*umax_l[4]*rhoc[13]+0.1956151991089878*umax_l[6]*rhol[12]+0.3061862178478971*umax_l[2]*rhol[12]+0.1956151991089878*umax_l[6]*rhoc[12]+0.3061862178478971*umax_l[2]*rhoc[12]+0.3535533905932737*umax_l[3]*rhol[11]-0.3535533905932737*umax_l[3]*rhoc[11]+0.2449489742783178*umax_l[7]*rhol[10]+0.273861278752583*umax_l[1]*rhol[10]+0.2449489742783178*umax_l[7]*rhoc[10]+0.273861278752583*umax_l[1]*rhoc[10]+0.1581138830084189*umax_l[6]*rhol[9]-0.1581138830084189*umax_l[6]*rhoc[9]+0.1129384878631564*umax_l[6]*rhol[8]+0.1767766952966368*umax_l[2]*rhol[8]-0.1129384878631564*umax_l[6]*rhoc[8]-0.1767766952966368*umax_l[2]*rhoc[8]+0.1414213562373095*rhol[6]*umax_l[7]-0.1414213562373095*rhoc[6]*umax_l[7]+0.3952847075210473*umax_l[6]*rhol[7]-0.3952847075210473*umax_l[6]*rhoc[7]+0.3061862178478971*rhol[1]*umax_l[6]+0.3061862178478971*rhoc[1]*umax_l[6]+0.1767766952966368*rhol[0]*umax_l[6]-0.1767766952966368*rhoc[0]*umax_l[6]+rhourec_0_l[6]+0.1581138830084189*umax_l[1]*rhol[6]-0.1581138830084189*umax_l[1]*rhoc[6]+0.3061862178478971*umax_l[4]*rhol[5]+0.3061862178478971*umax_l[4]*rhoc[5]+0.1767766952966368*rhol[3]*umax_l[4]-0.1767766952966368*rhoc[3]*umax_l[4]+0.273861278752583*umax_l[3]*rhol[4]+0.273861278752583*umax_l[3]*rhoc[4]+0.1581138830084189*rhol[2]*umax_l[3]-0.1581138830084189*rhoc[2]*umax_l[3]; 
