#include <gkyl_fpo_vlasov_kernels.h>

GKYL_CU_DH void
fpo_vlasov_diff_surfvzvz_1x3v_ser_p2(const double* w, const double* dx,
  const double* D[], const double* f[], double* GKYL_RESTRICT out) 
{
  // w[NDIM]: Cell-center coordinates
  // dxv[NDIM]: Cell spacing
  // D: 
  // f: 
  // out: Incremented output

  const double Jvzvz = 4/dx[3]/dx[3];

  const double* Dlll = D[0] + 240;
  const double* flll = f[0];
  const double* Dllc = D[1] + 240;
  const double* fllc = f[1];
  const double* Dllu = D[2] + 240;
  const double* fllu = f[2];
  const double* Dlcl = D[3] + 240;
  const double* flcl = f[3];
  const double* Dlcc = D[4] + 240;
  const double* flcc = f[4];
  const double* Dlcu = D[5] + 240;
  const double* flcu = f[5];
  const double* Dlul = D[6] + 240;
  const double* flul = f[6];
  const double* Dluc = D[7] + 240;
  const double* fluc = f[7];
  const double* Dluu = D[8] + 240;
  const double* fluu = f[8];
  const double* Dcll = D[9] + 240;
  const double* fcll = f[9];
  const double* Dclc = D[10] + 240;
  const double* fclc = f[10];
  const double* Dclu = D[11] + 240;
  const double* fclu = f[11];
  const double* Dccl = D[12] + 240;
  const double* fccl = f[12];
  const double* Dccc = D[13] + 240;
  const double* fccc = f[13];
  const double* Dccu = D[14] + 240;
  const double* fccu = f[14];
  const double* Dcul = D[15] + 240;
  const double* fcul = f[15];
  const double* Dcuc = D[16] + 240;
  const double* fcuc = f[16];
  const double* Dcuu = D[17] + 240;
  const double* fcuu = f[17];
  const double* Dull = D[18] + 240;
  const double* full = f[18];
  const double* Dulc = D[19] + 240;
  const double* fulc = f[19];
  const double* Dulu = D[20] + 240;
  const double* fulu = f[20];
  const double* Ducl = D[21] + 240;
  const double* fucl = f[21];
  const double* Ducc = D[22] + 240;
  const double* fucc = f[22];
  const double* Ducu = D[23] + 240;
  const double* fucu = f[23];
  const double* Duul = D[24] + 240;
  const double* fuul = f[24];
  const double* Duuc = D[25] + 240;
  const double* fuuc = f[25];
  const double* Duuu = D[26] + 240;
  const double* fuuu = f[26];

  double D_proj1_l[20];
  D_proj1_l[0] = 0.3458741190809163*Dccl[14]+0.3458741190809163*Dccc[14]+0.4975526040028326*Dccl[4]-0.4975526040028326*Dccc[4]+0.3535533905932737*Dccl[0]+0.3535533905932737*Dccc[0];
  D_proj1_l[1] = 0.3458741190809163*Dccl[28]+0.3458741190809163*Dccc[28]+0.4975526040028326*Dccl[8]-0.4975526040028326*Dccc[8]+0.3535533905932737*Dccl[1]+0.3535533905932737*Dccc[1];
  D_proj1_l[2] = 0.3458741190809163*Dccl[29]+0.3458741190809163*Dccc[29]+0.4975526040028326*Dccl[9]-0.4975526040028326*Dccc[9]+0.3535533905932737*Dccl[2]+0.3535533905932737*Dccc[2];
  D_proj1_l[3] = 0.3458741190809163*Dccl[30]+0.3458741190809163*Dccc[30]+0.4975526040028326*Dccl[10]-0.4975526040028326*Dccc[10]+0.3535533905932737*Dccl[3]+0.3535533905932737*Dccc[3];
  D_proj1_l[4] = 0.3458741190809163*Dccl[41]+0.3458741190809163*Dccc[41]+0.4975526040028326*Dccl[16]-0.4975526040028326*Dccc[16]+0.3535533905932737*Dccl[5]+0.3535533905932737*Dccc[5];
  D_proj1_l[5] = 0.3458741190809163*Dccl[42]+0.3458741190809163*Dccc[42]+0.4975526040028326*Dccl[17]-0.4975526040028326*Dccc[17]+0.3535533905932737*Dccl[6]+0.3535533905932737*Dccc[6];
  D_proj1_l[6] = 0.3458741190809163*Dccl[43]+0.3458741190809163*Dccc[43]+0.4975526040028326*Dccl[18]-0.4975526040028326*Dccc[18]+0.3535533905932737*Dccl[7]+0.3535533905932737*Dccc[7];
  D_proj1_l[7] = 0.4975526040028326*Dccl[25]-0.4975526040028326*Dccc[25]+0.3535533905932737*Dccl[11]+0.3535533905932737*Dccc[11];
  D_proj1_l[8] = 0.4975526040028326*Dccl[26]-0.4975526040028326*Dccc[26]+0.3535533905932737*Dccl[12]+0.3535533905932737*Dccc[12];
  D_proj1_l[9] = 0.4975526040028326*Dccl[27]-0.4975526040028326*Dccc[27]+0.3535533905932737*Dccl[13]+0.3535533905932737*Dccc[13];
  D_proj1_l[10] = 0.3458741190809163*Dccl[47]+0.3458741190809163*Dccc[47]+0.4975526040028326*Dccl[31]-0.4975526040028326*Dccc[31]+0.3535533905932737*Dccl[15]+0.3535533905932737*Dccc[15];
  D_proj1_l[11] = 0.4975526040028326*Dccl[35]-0.4975526040028326*Dccc[35]+0.3535533905932737*Dccl[19]+0.3535533905932737*Dccc[19];
  D_proj1_l[12] = 0.4975526040028326*Dccl[36]-0.4975526040028326*Dccc[36]+0.3535533905932737*Dccl[20]+0.3535533905932737*Dccc[20];
  D_proj1_l[13] = 0.4975526040028326*Dccl[37]-0.4975526040028326*Dccc[37]+0.3535533905932737*Dccl[21]+0.3535533905932737*Dccc[21];
  D_proj1_l[14] = 0.4975526040028326*Dccl[38]-0.4975526040028326*Dccc[38]+0.3535533905932737*Dccl[22]+0.3535533905932737*Dccc[22];
  D_proj1_l[15] = 0.4975526040028326*Dccl[39]-0.4975526040028326*Dccc[39]+0.3535533905932737*Dccl[23]+0.3535533905932737*Dccc[23];
  D_proj1_l[16] = 0.4975526040028326*Dccl[40]-0.4975526040028326*Dccc[40]+0.3535533905932737*Dccl[24]+0.3535533905932737*Dccc[24];
  D_proj1_l[17] = 0.4975526040028326*Dccl[44]-0.4975526040028326*Dccc[44]+0.3535533905932737*Dccl[32]+0.3535533905932737*Dccc[32];
  D_proj1_l[18] = 0.4975526040028326*Dccl[45]-0.4975526040028326*Dccc[45]+0.3535533905932737*Dccl[33]+0.3535533905932737*Dccc[33];
  D_proj1_l[19] = 0.4975526040028326*Dccl[46]-0.4975526040028326*Dccc[46]+0.3535533905932737*Dccl[34]+0.3535533905932737*Dccc[34];

  double D_proj1_u[20];
  D_proj1_u[0] = 0.3458741190809163*Dccu[14]+0.3458741190809163*Dccc[14]-0.4975526040028326*Dccu[4]+0.4975526040028326*Dccc[4]+0.3535533905932737*Dccu[0]+0.3535533905932737*Dccc[0];
  D_proj1_u[1] = 0.3458741190809163*Dccu[28]+0.3458741190809163*Dccc[28]-0.4975526040028326*Dccu[8]+0.4975526040028326*Dccc[8]+0.3535533905932737*Dccu[1]+0.3535533905932737*Dccc[1];
  D_proj1_u[2] = 0.3458741190809163*Dccu[29]+0.3458741190809163*Dccc[29]-0.4975526040028326*Dccu[9]+0.4975526040028326*Dccc[9]+0.3535533905932737*Dccu[2]+0.3535533905932737*Dccc[2];
  D_proj1_u[3] = 0.3458741190809163*Dccu[30]+0.3458741190809163*Dccc[30]-0.4975526040028326*Dccu[10]+0.4975526040028326*Dccc[10]+0.3535533905932737*Dccu[3]+0.3535533905932737*Dccc[3];
  D_proj1_u[4] = 0.3458741190809163*Dccu[41]+0.3458741190809163*Dccc[41]-0.4975526040028326*Dccu[16]+0.4975526040028326*Dccc[16]+0.3535533905932737*Dccu[5]+0.3535533905932737*Dccc[5];
  D_proj1_u[5] = 0.3458741190809163*Dccu[42]+0.3458741190809163*Dccc[42]-0.4975526040028326*Dccu[17]+0.4975526040028326*Dccc[17]+0.3535533905932737*Dccu[6]+0.3535533905932737*Dccc[6];
  D_proj1_u[6] = 0.3458741190809163*Dccu[43]+0.3458741190809163*Dccc[43]-0.4975526040028326*Dccu[18]+0.4975526040028326*Dccc[18]+0.3535533905932737*Dccu[7]+0.3535533905932737*Dccc[7];
  D_proj1_u[7] = (-0.4975526040028326*Dccu[25])+0.4975526040028326*Dccc[25]+0.3535533905932737*Dccu[11]+0.3535533905932737*Dccc[11];
  D_proj1_u[8] = (-0.4975526040028326*Dccu[26])+0.4975526040028326*Dccc[26]+0.3535533905932737*Dccu[12]+0.3535533905932737*Dccc[12];
  D_proj1_u[9] = (-0.4975526040028326*Dccu[27])+0.4975526040028326*Dccc[27]+0.3535533905932737*Dccu[13]+0.3535533905932737*Dccc[13];
  D_proj1_u[10] = 0.3458741190809163*Dccu[47]+0.3458741190809163*Dccc[47]-0.4975526040028326*Dccu[31]+0.4975526040028326*Dccc[31]+0.3535533905932737*Dccu[15]+0.3535533905932737*Dccc[15];
  D_proj1_u[11] = (-0.4975526040028326*Dccu[35])+0.4975526040028326*Dccc[35]+0.3535533905932737*Dccu[19]+0.3535533905932737*Dccc[19];
  D_proj1_u[12] = (-0.4975526040028326*Dccu[36])+0.4975526040028326*Dccc[36]+0.3535533905932737*Dccu[20]+0.3535533905932737*Dccc[20];
  D_proj1_u[13] = (-0.4975526040028326*Dccu[37])+0.4975526040028326*Dccc[37]+0.3535533905932737*Dccu[21]+0.3535533905932737*Dccc[21];
  D_proj1_u[14] = (-0.4975526040028326*Dccu[38])+0.4975526040028326*Dccc[38]+0.3535533905932737*Dccu[22]+0.3535533905932737*Dccc[22];
  D_proj1_u[15] = (-0.4975526040028326*Dccu[39])+0.4975526040028326*Dccc[39]+0.3535533905932737*Dccu[23]+0.3535533905932737*Dccc[23];
  D_proj1_u[16] = (-0.4975526040028326*Dccu[40])+0.4975526040028326*Dccc[40]+0.3535533905932737*Dccu[24]+0.3535533905932737*Dccc[24];
  D_proj1_u[17] = (-0.4975526040028326*Dccu[44])+0.4975526040028326*Dccc[44]+0.3535533905932737*Dccu[32]+0.3535533905932737*Dccc[32];
  D_proj1_u[18] = (-0.4975526040028326*Dccu[45])+0.4975526040028326*Dccc[45]+0.3535533905932737*Dccu[33]+0.3535533905932737*Dccc[33];
  D_proj1_u[19] = (-0.4975526040028326*Dccu[46])+0.4975526040028326*Dccc[46]+0.3535533905932737*Dccu[34]+0.3535533905932737*Dccc[34];

  double df_proj1_l[20];
  df_proj1_l[0] = (-0.9486832980505137*fccl[14])+0.9486832980505137*fccc[14]-1.684024198163434*fccl[4]-1.684024198163434*fccc[4]-1.325825214724776*fccl[0]+1.325825214724776*fccc[0];
  df_proj1_l[1] = (-0.9486832980505138*fccl[28])+0.9486832980505138*fccc[28]-1.684024198163434*fccl[8]-1.684024198163434*fccc[8]-1.325825214724776*fccl[1]+1.325825214724776*fccc[1];
  df_proj1_l[2] = (-0.9486832980505138*fccl[29])+0.9486832980505138*fccc[29]-1.684024198163434*fccl[9]-1.684024198163434*fccc[9]-1.325825214724776*fccl[2]+1.325825214724776*fccc[2];
  df_proj1_l[3] = (-0.9486832980505138*fccl[30])+0.9486832980505138*fccc[30]-1.684024198163434*fccl[10]-1.684024198163434*fccc[10]-1.325825214724776*fccl[3]+1.325825214724776*fccc[3];
  df_proj1_l[4] = (-0.9486832980505137*fccl[41])+0.9486832980505137*fccc[41]-1.684024198163434*fccl[16]-1.684024198163434*fccc[16]-1.325825214724776*fccl[5]+1.325825214724776*fccc[5];
  df_proj1_l[5] = (-0.9486832980505137*fccl[42])+0.9486832980505137*fccc[42]-1.684024198163434*fccl[17]-1.684024198163434*fccc[17]-1.325825214724776*fccl[6]+1.325825214724776*fccc[6];
  df_proj1_l[6] = (-0.9486832980505137*fccl[43])+0.9486832980505137*fccc[43]-1.684024198163434*fccl[18]-1.684024198163434*fccc[18]-1.325825214724776*fccl[7]+1.325825214724776*fccc[7];
  df_proj1_l[7] = (-1.684024198163434*fccl[25])-1.684024198163434*fccc[25]-1.325825214724776*fccl[11]+1.325825214724776*fccc[11];
  df_proj1_l[8] = (-1.684024198163434*fccl[26])-1.684024198163434*fccc[26]-1.325825214724776*fccl[12]+1.325825214724776*fccc[12];
  df_proj1_l[9] = (-1.684024198163434*fccl[27])-1.684024198163434*fccc[27]-1.325825214724776*fccl[13]+1.325825214724776*fccc[13];
  df_proj1_l[10] = (-0.9486832980505138*fccl[47])+0.9486832980505138*fccc[47]-1.684024198163434*fccl[31]-1.684024198163434*fccc[31]-1.325825214724776*fccl[15]+1.325825214724776*fccc[15];
  df_proj1_l[11] = (-1.684024198163434*fccl[35])-1.684024198163434*fccc[35]-1.325825214724776*fccl[19]+1.325825214724776*fccc[19];
  df_proj1_l[12] = (-1.684024198163434*fccl[36])-1.684024198163434*fccc[36]-1.325825214724776*fccl[20]+1.325825214724776*fccc[20];
  df_proj1_l[13] = (-1.684024198163434*fccl[37])-1.684024198163434*fccc[37]-1.325825214724776*fccl[21]+1.325825214724776*fccc[21];
  df_proj1_l[14] = (-1.684024198163434*fccl[38])-1.684024198163434*fccc[38]-1.325825214724776*fccl[22]+1.325825214724776*fccc[22];
  df_proj1_l[15] = (-1.684024198163434*fccl[39])-1.684024198163434*fccc[39]-1.325825214724776*fccl[23]+1.325825214724776*fccc[23];
  df_proj1_l[16] = (-1.684024198163434*fccl[40])-1.684024198163434*fccc[40]-1.325825214724776*fccl[24]+1.325825214724776*fccc[24];
  df_proj1_l[17] = (-1.684024198163434*fccl[44])-1.684024198163434*fccc[44]-1.325825214724776*fccl[32]+1.325825214724776*fccc[32];
  df_proj1_l[18] = (-1.684024198163434*fccl[45])-1.684024198163434*fccc[45]-1.325825214724776*fccl[33]+1.325825214724776*fccc[33];
  df_proj1_l[19] = (-1.684024198163434*fccl[46])-1.684024198163434*fccc[46]-1.325825214724776*fccl[34]+1.325825214724776*fccc[34];

  double df_proj1_u[20];
  df_proj1_u[0] = 0.9486832980505137*fccu[14]-0.9486832980505137*fccc[14]-1.684024198163434*fccu[4]-1.684024198163434*fccc[4]+1.325825214724776*fccu[0]-1.325825214724776*fccc[0];
  df_proj1_u[1] = 0.9486832980505138*fccu[28]-0.9486832980505138*fccc[28]-1.684024198163434*fccu[8]-1.684024198163434*fccc[8]+1.325825214724776*fccu[1]-1.325825214724776*fccc[1];
  df_proj1_u[2] = 0.9486832980505138*fccu[29]-0.9486832980505138*fccc[29]-1.684024198163434*fccu[9]-1.684024198163434*fccc[9]+1.325825214724776*fccu[2]-1.325825214724776*fccc[2];
  df_proj1_u[3] = 0.9486832980505138*fccu[30]-0.9486832980505138*fccc[30]-1.684024198163434*fccu[10]-1.684024198163434*fccc[10]+1.325825214724776*fccu[3]-1.325825214724776*fccc[3];
  df_proj1_u[4] = 0.9486832980505137*fccu[41]-0.9486832980505137*fccc[41]-1.684024198163434*fccu[16]-1.684024198163434*fccc[16]+1.325825214724776*fccu[5]-1.325825214724776*fccc[5];
  df_proj1_u[5] = 0.9486832980505137*fccu[42]-0.9486832980505137*fccc[42]-1.684024198163434*fccu[17]-1.684024198163434*fccc[17]+1.325825214724776*fccu[6]-1.325825214724776*fccc[6];
  df_proj1_u[6] = 0.9486832980505137*fccu[43]-0.9486832980505137*fccc[43]-1.684024198163434*fccu[18]-1.684024198163434*fccc[18]+1.325825214724776*fccu[7]-1.325825214724776*fccc[7];
  df_proj1_u[7] = (-1.684024198163434*fccu[25])-1.684024198163434*fccc[25]+1.325825214724776*fccu[11]-1.325825214724776*fccc[11];
  df_proj1_u[8] = (-1.684024198163434*fccu[26])-1.684024198163434*fccc[26]+1.325825214724776*fccu[12]-1.325825214724776*fccc[12];
  df_proj1_u[9] = (-1.684024198163434*fccu[27])-1.684024198163434*fccc[27]+1.325825214724776*fccu[13]-1.325825214724776*fccc[13];
  df_proj1_u[10] = 0.9486832980505138*fccu[47]-0.9486832980505138*fccc[47]-1.684024198163434*fccu[31]-1.684024198163434*fccc[31]+1.325825214724776*fccu[15]-1.325825214724776*fccc[15];
  df_proj1_u[11] = (-1.684024198163434*fccu[35])-1.684024198163434*fccc[35]+1.325825214724776*fccu[19]-1.325825214724776*fccc[19];
  df_proj1_u[12] = (-1.684024198163434*fccu[36])-1.684024198163434*fccc[36]+1.325825214724776*fccu[20]-1.325825214724776*fccc[20];
  df_proj1_u[13] = (-1.684024198163434*fccu[37])-1.684024198163434*fccc[37]+1.325825214724776*fccu[21]-1.325825214724776*fccc[21];
  df_proj1_u[14] = (-1.684024198163434*fccu[38])-1.684024198163434*fccc[38]+1.325825214724776*fccu[22]-1.325825214724776*fccc[22];
  df_proj1_u[15] = (-1.684024198163434*fccu[39])-1.684024198163434*fccc[39]+1.325825214724776*fccu[23]-1.325825214724776*fccc[23];
  df_proj1_u[16] = (-1.684024198163434*fccu[40])-1.684024198163434*fccc[40]+1.325825214724776*fccu[24]-1.325825214724776*fccc[24];
  df_proj1_u[17] = (-1.684024198163434*fccu[44])-1.684024198163434*fccc[44]+1.325825214724776*fccu[32]-1.325825214724776*fccc[32];
  df_proj1_u[18] = (-1.684024198163434*fccu[45])-1.684024198163434*fccc[45]+1.325825214724776*fccu[33]-1.325825214724776*fccc[33];
  df_proj1_u[19] = (-1.684024198163434*fccu[46])-1.684024198163434*fccc[46]+1.325825214724776*fccu[34]-1.325825214724776*fccc[34];

  double f_proj2_l[20];
  f_proj2_l[0] = 0.3458741190809163*fccl[14]+0.3458741190809163*fccc[14]+0.4975526040028326*fccl[4]-0.4975526040028326*fccc[4]+0.3535533905932737*fccl[0]+0.3535533905932737*fccc[0];
  f_proj2_l[1] = 0.3458741190809163*fccl[28]+0.3458741190809163*fccc[28]+0.4975526040028326*fccl[8]-0.4975526040028326*fccc[8]+0.3535533905932737*fccl[1]+0.3535533905932737*fccc[1];
  f_proj2_l[2] = 0.3458741190809163*fccl[29]+0.3458741190809163*fccc[29]+0.4975526040028326*fccl[9]-0.4975526040028326*fccc[9]+0.3535533905932737*fccl[2]+0.3535533905932737*fccc[2];
  f_proj2_l[3] = 0.3458741190809163*fccl[30]+0.3458741190809163*fccc[30]+0.4975526040028326*fccl[10]-0.4975526040028326*fccc[10]+0.3535533905932737*fccl[3]+0.3535533905932737*fccc[3];
  f_proj2_l[4] = 0.3458741190809163*fccl[41]+0.3458741190809163*fccc[41]+0.4975526040028326*fccl[16]-0.4975526040028326*fccc[16]+0.3535533905932737*fccl[5]+0.3535533905932737*fccc[5];
  f_proj2_l[5] = 0.3458741190809163*fccl[42]+0.3458741190809163*fccc[42]+0.4975526040028326*fccl[17]-0.4975526040028326*fccc[17]+0.3535533905932737*fccl[6]+0.3535533905932737*fccc[6];
  f_proj2_l[6] = 0.3458741190809163*fccl[43]+0.3458741190809163*fccc[43]+0.4975526040028326*fccl[18]-0.4975526040028326*fccc[18]+0.3535533905932737*fccl[7]+0.3535533905932737*fccc[7];
  f_proj2_l[7] = 0.4975526040028326*fccl[25]-0.4975526040028326*fccc[25]+0.3535533905932737*fccl[11]+0.3535533905932737*fccc[11];
  f_proj2_l[8] = 0.4975526040028326*fccl[26]-0.4975526040028326*fccc[26]+0.3535533905932737*fccl[12]+0.3535533905932737*fccc[12];
  f_proj2_l[9] = 0.4975526040028326*fccl[27]-0.4975526040028326*fccc[27]+0.3535533905932737*fccl[13]+0.3535533905932737*fccc[13];
  f_proj2_l[10] = 0.3458741190809163*fccl[47]+0.3458741190809163*fccc[47]+0.4975526040028326*fccl[31]-0.4975526040028326*fccc[31]+0.3535533905932737*fccl[15]+0.3535533905932737*fccc[15];
  f_proj2_l[11] = 0.4975526040028326*fccl[35]-0.4975526040028326*fccc[35]+0.3535533905932737*fccl[19]+0.3535533905932737*fccc[19];
  f_proj2_l[12] = 0.4975526040028326*fccl[36]-0.4975526040028326*fccc[36]+0.3535533905932737*fccl[20]+0.3535533905932737*fccc[20];
  f_proj2_l[13] = 0.4975526040028326*fccl[37]-0.4975526040028326*fccc[37]+0.3535533905932737*fccl[21]+0.3535533905932737*fccc[21];
  f_proj2_l[14] = 0.4975526040028326*fccl[38]-0.4975526040028326*fccc[38]+0.3535533905932737*fccl[22]+0.3535533905932737*fccc[22];
  f_proj2_l[15] = 0.4975526040028326*fccl[39]-0.4975526040028326*fccc[39]+0.3535533905932737*fccl[23]+0.3535533905932737*fccc[23];
  f_proj2_l[16] = 0.4975526040028326*fccl[40]-0.4975526040028326*fccc[40]+0.3535533905932737*fccl[24]+0.3535533905932737*fccc[24];
  f_proj2_l[17] = 0.4975526040028326*fccl[44]-0.4975526040028326*fccc[44]+0.3535533905932737*fccl[32]+0.3535533905932737*fccc[32];
  f_proj2_l[18] = 0.4975526040028326*fccl[45]-0.4975526040028326*fccc[45]+0.3535533905932737*fccl[33]+0.3535533905932737*fccc[33];
  f_proj2_l[19] = 0.4975526040028326*fccl[46]-0.4975526040028326*fccc[46]+0.3535533905932737*fccl[34]+0.3535533905932737*fccc[34];

  double f_proj2_u[20];
  f_proj2_u[0] = 0.3458741190809163*fccu[14]+0.3458741190809163*fccc[14]-0.4975526040028326*fccu[4]+0.4975526040028326*fccc[4]+0.3535533905932737*fccu[0]+0.3535533905932737*fccc[0];
  f_proj2_u[1] = 0.3458741190809163*fccu[28]+0.3458741190809163*fccc[28]-0.4975526040028326*fccu[8]+0.4975526040028326*fccc[8]+0.3535533905932737*fccu[1]+0.3535533905932737*fccc[1];
  f_proj2_u[2] = 0.3458741190809163*fccu[29]+0.3458741190809163*fccc[29]-0.4975526040028326*fccu[9]+0.4975526040028326*fccc[9]+0.3535533905932737*fccu[2]+0.3535533905932737*fccc[2];
  f_proj2_u[3] = 0.3458741190809163*fccu[30]+0.3458741190809163*fccc[30]-0.4975526040028326*fccu[10]+0.4975526040028326*fccc[10]+0.3535533905932737*fccu[3]+0.3535533905932737*fccc[3];
  f_proj2_u[4] = 0.3458741190809163*fccu[41]+0.3458741190809163*fccc[41]-0.4975526040028326*fccu[16]+0.4975526040028326*fccc[16]+0.3535533905932737*fccu[5]+0.3535533905932737*fccc[5];
  f_proj2_u[5] = 0.3458741190809163*fccu[42]+0.3458741190809163*fccc[42]-0.4975526040028326*fccu[17]+0.4975526040028326*fccc[17]+0.3535533905932737*fccu[6]+0.3535533905932737*fccc[6];
  f_proj2_u[6] = 0.3458741190809163*fccu[43]+0.3458741190809163*fccc[43]-0.4975526040028326*fccu[18]+0.4975526040028326*fccc[18]+0.3535533905932737*fccu[7]+0.3535533905932737*fccc[7];
  f_proj2_u[7] = (-0.4975526040028326*fccu[25])+0.4975526040028326*fccc[25]+0.3535533905932737*fccu[11]+0.3535533905932737*fccc[11];
  f_proj2_u[8] = (-0.4975526040028326*fccu[26])+0.4975526040028326*fccc[26]+0.3535533905932737*fccu[12]+0.3535533905932737*fccc[12];
  f_proj2_u[9] = (-0.4975526040028326*fccu[27])+0.4975526040028326*fccc[27]+0.3535533905932737*fccu[13]+0.3535533905932737*fccc[13];
  f_proj2_u[10] = 0.3458741190809163*fccu[47]+0.3458741190809163*fccc[47]-0.4975526040028326*fccu[31]+0.4975526040028326*fccc[31]+0.3535533905932737*fccu[15]+0.3535533905932737*fccc[15];
  f_proj2_u[11] = (-0.4975526040028326*fccu[35])+0.4975526040028326*fccc[35]+0.3535533905932737*fccu[19]+0.3535533905932737*fccc[19];
  f_proj2_u[12] = (-0.4975526040028326*fccu[36])+0.4975526040028326*fccc[36]+0.3535533905932737*fccu[20]+0.3535533905932737*fccc[20];
  f_proj2_u[13] = (-0.4975526040028326*fccu[37])+0.4975526040028326*fccc[37]+0.3535533905932737*fccu[21]+0.3535533905932737*fccc[21];
  f_proj2_u[14] = (-0.4975526040028326*fccu[38])+0.4975526040028326*fccc[38]+0.3535533905932737*fccu[22]+0.3535533905932737*fccc[22];
  f_proj2_u[15] = (-0.4975526040028326*fccu[39])+0.4975526040028326*fccc[39]+0.3535533905932737*fccu[23]+0.3535533905932737*fccc[23];
  f_proj2_u[16] = (-0.4975526040028326*fccu[40])+0.4975526040028326*fccc[40]+0.3535533905932737*fccu[24]+0.3535533905932737*fccc[24];
  f_proj2_u[17] = (-0.4975526040028326*fccu[44])+0.4975526040028326*fccc[44]+0.3535533905932737*fccu[32]+0.3535533905932737*fccc[32];
  f_proj2_u[18] = (-0.4975526040028326*fccu[45])+0.4975526040028326*fccc[45]+0.3535533905932737*fccu[33]+0.3535533905932737*fccc[33];
  f_proj2_u[19] = (-0.4975526040028326*fccu[46])+0.4975526040028326*fccc[46]+0.3535533905932737*fccu[34]+0.3535533905932737*fccc[34];

  out[0] += Jvzvz*(0.125*D_proj1_u[19]*df_proj1_u[19]-0.125*D_proj1_l[19]*df_proj1_l[19]+0.125*D_proj1_u[18]*df_proj1_u[18]-0.125*D_proj1_l[18]*df_proj1_l[18]+0.125*D_proj1_u[17]*df_proj1_u[17]-0.125*D_proj1_l[17]*df_proj1_l[17]+0.125*D_proj1_u[16]*df_proj1_u[16]-0.125*D_proj1_l[16]*df_proj1_l[16]+0.125*D_proj1_u[15]*df_proj1_u[15]-0.125*D_proj1_l[15]*df_proj1_l[15]+0.125*D_proj1_u[14]*df_proj1_u[14]-0.125*D_proj1_l[14]*df_proj1_l[14]+0.125*D_proj1_u[13]*df_proj1_u[13]-0.125*D_proj1_l[13]*df_proj1_l[13]+0.125*D_proj1_u[12]*df_proj1_u[12]-0.125*D_proj1_l[12]*df_proj1_l[12]+0.125*D_proj1_u[11]*df_proj1_u[11]-0.125*D_proj1_l[11]*df_proj1_l[11]+0.125*D_proj1_u[10]*df_proj1_u[10]-0.125*D_proj1_l[10]*df_proj1_l[10]+0.125*D_proj1_u[9]*df_proj1_u[9]-0.125*D_proj1_l[9]*df_proj1_l[9]+0.125*D_proj1_u[8]*df_proj1_u[8]-0.125*D_proj1_l[8]*df_proj1_l[8]+0.125*D_proj1_u[7]*df_proj1_u[7]-0.125*D_proj1_l[7]*df_proj1_l[7]+0.125*D_proj1_u[6]*df_proj1_u[6]-0.125*D_proj1_l[6]*df_proj1_l[6]+0.125*D_proj1_u[5]*df_proj1_u[5]-0.125*D_proj1_l[5]*df_proj1_l[5]+0.125*D_proj1_u[4]*df_proj1_u[4]-0.125*D_proj1_l[4]*df_proj1_l[4]+0.125*D_proj1_u[3]*df_proj1_u[3]-0.125*D_proj1_l[3]*df_proj1_l[3]+0.125*D_proj1_u[2]*df_proj1_u[2]-0.125*D_proj1_l[2]*df_proj1_l[2]+0.125*D_proj1_u[1]*df_proj1_u[1]-0.125*D_proj1_l[1]*df_proj1_l[1]+0.125*D_proj1_u[0]*df_proj1_u[0]-0.125*D_proj1_l[0]*df_proj1_l[0]);
  out[1] += Jvzvz*(0.125*D_proj1_u[16]*df_proj1_u[19]-0.125*D_proj1_l[16]*df_proj1_l[19]+0.125*df_proj1_u[16]*D_proj1_u[19]-0.125*df_proj1_l[16]*D_proj1_l[19]+0.125*D_proj1_u[14]*df_proj1_u[18]-0.125*D_proj1_l[14]*df_proj1_l[18]+0.125*df_proj1_u[14]*D_proj1_u[18]-0.125*df_proj1_l[14]*D_proj1_l[18]+0.1118033988749895*D_proj1_u[10]*df_proj1_u[17]-0.1118033988749895*D_proj1_l[10]*df_proj1_l[17]+0.1118033988749895*df_proj1_u[10]*D_proj1_u[17]-0.1118033988749895*df_proj1_l[10]*D_proj1_l[17]+0.125*D_proj1_u[9]*df_proj1_u[15]-0.125*D_proj1_l[9]*df_proj1_l[15]+0.125*df_proj1_u[9]*D_proj1_u[15]-0.125*df_proj1_l[9]*D_proj1_l[15]+0.1118033988749895*D_proj1_u[5]*df_proj1_u[13]-0.1118033988749895*D_proj1_l[5]*df_proj1_l[13]+0.1118033988749895*df_proj1_u[5]*D_proj1_u[13]-0.1118033988749895*df_proj1_l[5]*D_proj1_l[13]+0.125*D_proj1_u[8]*df_proj1_u[12]-0.125*D_proj1_l[8]*df_proj1_l[12]+0.125*df_proj1_u[8]*D_proj1_u[12]-0.125*df_proj1_l[8]*D_proj1_l[12]+0.1118033988749895*D_proj1_u[4]*df_proj1_u[11]-0.1118033988749895*D_proj1_l[4]*df_proj1_l[11]+0.1118033988749895*df_proj1_u[4]*D_proj1_u[11]-0.1118033988749895*df_proj1_l[4]*D_proj1_l[11]+0.125*D_proj1_u[6]*df_proj1_u[10]-0.125*D_proj1_l[6]*df_proj1_l[10]+0.125*df_proj1_u[6]*D_proj1_u[10]-0.125*df_proj1_l[6]*D_proj1_l[10]+0.1118033988749895*D_proj1_u[1]*df_proj1_u[7]-0.1118033988749895*D_proj1_l[1]*df_proj1_l[7]+0.1118033988749895*df_proj1_u[1]*D_proj1_u[7]-0.1118033988749895*df_proj1_l[1]*D_proj1_l[7]+0.125*D_proj1_u[3]*df_proj1_u[5]-0.125*D_proj1_l[3]*df_proj1_l[5]+0.125*df_proj1_u[3]*D_proj1_u[5]-0.125*df_proj1_l[3]*D_proj1_l[5]+0.125*D_proj1_u[2]*df_proj1_u[4]-0.125*D_proj1_l[2]*df_proj1_l[4]+0.125*df_proj1_u[2]*D_proj1_u[4]-0.125*df_proj1_l[2]*D_proj1_l[4]+0.125*D_proj1_u[0]*df_proj1_u[1]-0.125*D_proj1_l[0]*df_proj1_l[1]+0.125*df_proj1_u[0]*D_proj1_u[1]-0.125*df_proj1_l[0]*D_proj1_l[1]);
  out[2] += Jvzvz*(0.125*D_proj1_u[15]*df_proj1_u[19]-0.125*D_proj1_l[15]*df_proj1_l[19]+0.125*df_proj1_u[15]*D_proj1_u[19]-0.125*df_proj1_l[15]*D_proj1_l[19]+0.1118033988749895*D_proj1_u[10]*df_proj1_u[18]-0.1118033988749895*D_proj1_l[10]*df_proj1_l[18]+0.1118033988749895*df_proj1_u[10]*D_proj1_u[18]-0.1118033988749895*df_proj1_l[10]*D_proj1_l[18]+0.125*D_proj1_u[13]*df_proj1_u[17]-0.125*D_proj1_l[13]*df_proj1_l[17]+0.125*df_proj1_u[13]*D_proj1_u[17]-0.125*df_proj1_l[13]*D_proj1_l[17]+0.125*D_proj1_u[9]*df_proj1_u[16]-0.125*D_proj1_l[9]*df_proj1_l[16]+0.125*df_proj1_u[9]*D_proj1_u[16]-0.125*df_proj1_l[9]*D_proj1_l[16]+0.1118033988749895*D_proj1_u[6]*df_proj1_u[14]-0.1118033988749895*D_proj1_l[6]*df_proj1_l[14]+0.1118033988749895*df_proj1_u[6]*D_proj1_u[14]-0.1118033988749895*df_proj1_l[6]*D_proj1_l[14]+0.1118033988749895*D_proj1_u[4]*df_proj1_u[12]-0.1118033988749895*D_proj1_l[4]*df_proj1_l[12]+0.1118033988749895*df_proj1_u[4]*D_proj1_u[12]-0.1118033988749895*df_proj1_l[4]*D_proj1_l[12]+0.125*D_proj1_u[7]*df_proj1_u[11]-0.125*D_proj1_l[7]*df_proj1_l[11]+0.125*df_proj1_u[7]*D_proj1_u[11]-0.125*df_proj1_l[7]*D_proj1_l[11]+0.125*D_proj1_u[5]*df_proj1_u[10]-0.125*D_proj1_l[5]*df_proj1_l[10]+0.125*df_proj1_u[5]*D_proj1_u[10]-0.125*df_proj1_l[5]*D_proj1_l[10]+0.1118033988749895*D_proj1_u[2]*df_proj1_u[8]-0.1118033988749895*D_proj1_l[2]*df_proj1_l[8]+0.1118033988749895*df_proj1_u[2]*D_proj1_u[8]-0.1118033988749895*df_proj1_l[2]*D_proj1_l[8]+0.125*D_proj1_u[3]*df_proj1_u[6]-0.125*D_proj1_l[3]*df_proj1_l[6]+0.125*df_proj1_u[3]*D_proj1_u[6]-0.125*df_proj1_l[3]*D_proj1_l[6]+0.125*D_proj1_u[1]*df_proj1_u[4]-0.125*D_proj1_l[1]*df_proj1_l[4]+0.125*df_proj1_u[1]*D_proj1_u[4]-0.125*df_proj1_l[1]*D_proj1_l[4]+0.125*D_proj1_u[0]*df_proj1_u[2]-0.125*D_proj1_l[0]*df_proj1_l[2]+0.125*df_proj1_u[0]*D_proj1_u[2]-0.125*df_proj1_l[0]*D_proj1_l[2]);
  out[3] += Jvzvz*(0.1118033988749895*D_proj1_u[10]*df_proj1_u[19]-0.1118033988749895*D_proj1_l[10]*df_proj1_l[19]+0.1118033988749895*df_proj1_u[10]*D_proj1_u[19]-0.1118033988749895*df_proj1_l[10]*D_proj1_l[19]+0.125*D_proj1_u[12]*df_proj1_u[18]-0.125*D_proj1_l[12]*df_proj1_l[18]+0.125*df_proj1_u[12]*D_proj1_u[18]-0.125*df_proj1_l[12]*D_proj1_l[18]+0.125*D_proj1_u[11]*df_proj1_u[17]-0.125*D_proj1_l[11]*df_proj1_l[17]+0.125*df_proj1_u[11]*D_proj1_u[17]-0.125*df_proj1_l[11]*D_proj1_l[17]+0.1118033988749895*D_proj1_u[6]*df_proj1_u[16]-0.1118033988749895*D_proj1_l[6]*df_proj1_l[16]+0.1118033988749895*df_proj1_u[6]*D_proj1_u[16]-0.1118033988749895*df_proj1_l[6]*D_proj1_l[16]+0.1118033988749895*D_proj1_u[5]*df_proj1_u[15]-0.1118033988749895*D_proj1_l[5]*df_proj1_l[15]+0.1118033988749895*df_proj1_u[5]*D_proj1_u[15]-0.1118033988749895*df_proj1_l[5]*D_proj1_l[15]+0.125*D_proj1_u[8]*df_proj1_u[14]-0.125*D_proj1_l[8]*df_proj1_l[14]+0.125*df_proj1_u[8]*D_proj1_u[14]-0.125*df_proj1_l[8]*D_proj1_l[14]+0.125*D_proj1_u[7]*df_proj1_u[13]-0.125*D_proj1_l[7]*df_proj1_l[13]+0.125*df_proj1_u[7]*D_proj1_u[13]-0.125*df_proj1_l[7]*D_proj1_l[13]+0.125*D_proj1_u[4]*df_proj1_u[10]-0.125*D_proj1_l[4]*df_proj1_l[10]+0.125*df_proj1_u[4]*D_proj1_u[10]-0.125*df_proj1_l[4]*D_proj1_l[10]+0.1118033988749895*D_proj1_u[3]*df_proj1_u[9]-0.1118033988749895*D_proj1_l[3]*df_proj1_l[9]+0.1118033988749895*df_proj1_u[3]*D_proj1_u[9]-0.1118033988749895*df_proj1_l[3]*D_proj1_l[9]+0.125*D_proj1_u[2]*df_proj1_u[6]-0.125*D_proj1_l[2]*df_proj1_l[6]+0.125*df_proj1_u[2]*D_proj1_u[6]-0.125*df_proj1_l[2]*D_proj1_l[6]+0.125*D_proj1_u[1]*df_proj1_u[5]-0.125*D_proj1_l[1]*df_proj1_l[5]+0.125*df_proj1_u[1]*D_proj1_u[5]-0.125*df_proj1_l[1]*D_proj1_l[5]+0.125*D_proj1_u[0]*df_proj1_u[3]-0.125*D_proj1_l[0]*df_proj1_l[3]+0.125*df_proj1_u[0]*D_proj1_u[3]-0.125*df_proj1_l[0]*D_proj1_l[3]);
  out[4] += Jvzvz*((-0.2165063509461096*D_proj1_u[19]*f_proj2_u[19])+0.2165063509461096*D_proj1_l[19]*f_proj2_l[19]+0.2165063509461096*D_proj1_u[19]*df_proj1_u[19]+0.2165063509461096*D_proj1_l[19]*df_proj1_l[19]-0.2165063509461096*D_proj1_u[18]*f_proj2_u[18]+0.2165063509461096*D_proj1_l[18]*f_proj2_l[18]+0.2165063509461096*D_proj1_u[18]*df_proj1_u[18]+0.2165063509461096*D_proj1_l[18]*df_proj1_l[18]-0.2165063509461096*D_proj1_u[17]*f_proj2_u[17]+0.2165063509461096*D_proj1_l[17]*f_proj2_l[17]+0.2165063509461096*D_proj1_u[17]*df_proj1_u[17]+0.2165063509461096*D_proj1_l[17]*df_proj1_l[17]-0.2165063509461096*D_proj1_u[16]*f_proj2_u[16]+0.2165063509461096*D_proj1_l[16]*f_proj2_l[16]+0.2165063509461096*D_proj1_u[16]*df_proj1_u[16]+0.2165063509461096*D_proj1_l[16]*df_proj1_l[16]-0.2165063509461096*D_proj1_u[15]*f_proj2_u[15]+0.2165063509461096*D_proj1_l[15]*f_proj2_l[15]+0.2165063509461096*D_proj1_u[15]*df_proj1_u[15]+0.2165063509461096*D_proj1_l[15]*df_proj1_l[15]-0.2165063509461096*D_proj1_u[14]*f_proj2_u[14]+0.2165063509461096*D_proj1_l[14]*f_proj2_l[14]+0.2165063509461096*D_proj1_u[14]*df_proj1_u[14]+0.2165063509461096*D_proj1_l[14]*df_proj1_l[14]-0.2165063509461096*D_proj1_u[13]*f_proj2_u[13]+0.2165063509461096*D_proj1_l[13]*f_proj2_l[13]+0.2165063509461096*D_proj1_u[13]*df_proj1_u[13]+0.2165063509461096*D_proj1_l[13]*df_proj1_l[13]-0.2165063509461096*D_proj1_u[12]*f_proj2_u[12]+0.2165063509461096*D_proj1_l[12]*f_proj2_l[12]+0.2165063509461096*D_proj1_u[12]*df_proj1_u[12]+0.2165063509461096*D_proj1_l[12]*df_proj1_l[12]-0.2165063509461096*D_proj1_u[11]*f_proj2_u[11]+0.2165063509461096*D_proj1_l[11]*f_proj2_l[11]+0.2165063509461096*D_proj1_u[11]*df_proj1_u[11]+0.2165063509461096*D_proj1_l[11]*df_proj1_l[11]-0.2165063509461096*D_proj1_u[10]*f_proj2_u[10]+0.2165063509461096*D_proj1_l[10]*f_proj2_l[10]+0.2165063509461096*D_proj1_u[10]*df_proj1_u[10]+0.2165063509461096*D_proj1_l[10]*df_proj1_l[10]-0.2165063509461096*D_proj1_u[9]*f_proj2_u[9]+0.2165063509461096*D_proj1_l[9]*f_proj2_l[9]+0.2165063509461096*D_proj1_u[9]*df_proj1_u[9]+0.2165063509461096*D_proj1_l[9]*df_proj1_l[9]-0.2165063509461096*D_proj1_u[8]*f_proj2_u[8]+0.2165063509461096*D_proj1_l[8]*f_proj2_l[8]+0.2165063509461096*D_proj1_u[8]*df_proj1_u[8]+0.2165063509461096*D_proj1_l[8]*df_proj1_l[8]-0.2165063509461096*D_proj1_u[7]*f_proj2_u[7]+0.2165063509461096*D_proj1_l[7]*f_proj2_l[7]+0.2165063509461096*D_proj1_u[7]*df_proj1_u[7]+0.2165063509461096*D_proj1_l[7]*df_proj1_l[7]-0.2165063509461096*D_proj1_u[6]*f_proj2_u[6]+0.2165063509461096*D_proj1_l[6]*f_proj2_l[6]+0.2165063509461096*D_proj1_u[6]*df_proj1_u[6]+0.2165063509461096*D_proj1_l[6]*df_proj1_l[6]-0.2165063509461096*D_proj1_u[5]*f_proj2_u[5]+0.2165063509461096*D_proj1_l[5]*f_proj2_l[5]+0.2165063509461096*D_proj1_u[5]*df_proj1_u[5]+0.2165063509461096*D_proj1_l[5]*df_proj1_l[5]-0.2165063509461096*D_proj1_u[4]*f_proj2_u[4]+0.2165063509461096*D_proj1_l[4]*f_proj2_l[4]+0.2165063509461096*D_proj1_u[4]*df_proj1_u[4]+0.2165063509461096*D_proj1_l[4]*df_proj1_l[4]-0.2165063509461096*D_proj1_u[3]*f_proj2_u[3]+0.2165063509461096*D_proj1_l[3]*f_proj2_l[3]+0.2165063509461096*D_proj1_u[3]*df_proj1_u[3]+0.2165063509461096*D_proj1_l[3]*df_proj1_l[3]-0.2165063509461096*D_proj1_u[2]*f_proj2_u[2]+0.2165063509461096*D_proj1_l[2]*f_proj2_l[2]+0.2165063509461096*D_proj1_u[2]*df_proj1_u[2]+0.2165063509461096*D_proj1_l[2]*df_proj1_l[2]-0.2165063509461096*D_proj1_u[1]*f_proj2_u[1]+0.2165063509461096*D_proj1_l[1]*f_proj2_l[1]+0.2165063509461096*D_proj1_u[1]*df_proj1_u[1]+0.2165063509461096*D_proj1_l[1]*df_proj1_l[1]-0.2165063509461096*D_proj1_u[0]*f_proj2_u[0]+0.2165063509461096*D_proj1_l[0]*f_proj2_l[0]+0.2165063509461096*D_proj1_u[0]*df_proj1_u[0]+0.2165063509461096*D_proj1_l[0]*df_proj1_l[0]);
  out[5] += Jvzvz*(0.125*D_proj1_u[9]*df_proj1_u[19]-0.125*D_proj1_l[9]*df_proj1_l[19]+0.125*df_proj1_u[9]*D_proj1_u[19]-0.125*df_proj1_l[9]*D_proj1_l[19]+0.1*D_proj1_u[17]*df_proj1_u[18]+0.1118033988749895*D_proj1_u[6]*df_proj1_u[18]-0.1*D_proj1_l[17]*df_proj1_l[18]-0.1118033988749895*D_proj1_l[6]*df_proj1_l[18]+0.1*df_proj1_u[17]*D_proj1_u[18]+0.1118033988749895*df_proj1_u[6]*D_proj1_u[18]-0.1*df_proj1_l[17]*D_proj1_l[18]-0.1118033988749895*df_proj1_l[6]*D_proj1_l[18]+0.1118033988749895*D_proj1_u[5]*df_proj1_u[17]-0.1118033988749895*D_proj1_l[5]*df_proj1_l[17]+0.1118033988749895*df_proj1_u[5]*D_proj1_u[17]-0.1118033988749895*df_proj1_l[5]*D_proj1_l[17]+0.125*D_proj1_u[15]*df_proj1_u[16]-0.125*D_proj1_l[15]*df_proj1_l[16]+0.125*df_proj1_u[15]*D_proj1_u[16]-0.125*df_proj1_l[15]*D_proj1_l[16]+0.1118033988749895*D_proj1_u[10]*df_proj1_u[14]-0.1118033988749895*D_proj1_l[10]*df_proj1_l[14]+0.1118033988749895*df_proj1_u[10]*D_proj1_u[14]-0.1118033988749895*df_proj1_l[10]*D_proj1_l[14]+0.1118033988749895*D_proj1_u[10]*df_proj1_u[13]-0.1118033988749895*D_proj1_l[10]*df_proj1_l[13]+0.1118033988749895*df_proj1_u[10]*D_proj1_u[13]-0.1118033988749895*df_proj1_l[10]*D_proj1_l[13]+0.1*D_proj1_u[11]*df_proj1_u[12]+0.1118033988749895*D_proj1_u[2]*df_proj1_u[12]-0.1*D_proj1_l[11]*df_proj1_l[12]-0.1118033988749895*D_proj1_l[2]*df_proj1_l[12]+0.1*df_proj1_u[11]*D_proj1_u[12]+0.1118033988749895*df_proj1_u[2]*D_proj1_u[12]-0.1*df_proj1_l[11]*D_proj1_l[12]-0.1118033988749895*df_proj1_l[2]*D_proj1_l[12]+0.1118033988749895*D_proj1_u[1]*df_proj1_u[11]-0.1118033988749895*D_proj1_l[1]*df_proj1_l[11]+0.1118033988749895*df_proj1_u[1]*D_proj1_u[11]-0.1118033988749895*df_proj1_l[1]*D_proj1_l[11]+0.125*D_proj1_u[3]*df_proj1_u[10]-0.125*D_proj1_l[3]*df_proj1_l[10]+0.125*df_proj1_u[3]*D_proj1_u[10]-0.125*df_proj1_l[3]*D_proj1_l[10]+0.1118033988749895*D_proj1_u[4]*df_proj1_u[8]-0.1118033988749895*D_proj1_l[4]*df_proj1_l[8]+0.1118033988749895*df_proj1_u[4]*D_proj1_u[8]-0.1118033988749895*df_proj1_l[4]*D_proj1_l[8]+0.1118033988749895*D_proj1_u[4]*df_proj1_u[7]-0.1118033988749895*D_proj1_l[4]*df_proj1_l[7]+0.1118033988749895*df_proj1_u[4]*D_proj1_u[7]-0.1118033988749895*df_proj1_l[4]*D_proj1_l[7]+0.125*D_proj1_u[5]*df_proj1_u[6]-0.125*D_proj1_l[5]*df_proj1_l[6]+0.125*df_proj1_u[5]*D_proj1_u[6]-0.125*df_proj1_l[5]*D_proj1_l[6]+0.125*D_proj1_u[0]*df_proj1_u[4]-0.125*D_proj1_l[0]*df_proj1_l[4]+0.125*df_proj1_u[0]*D_proj1_u[4]-0.125*df_proj1_l[0]*D_proj1_l[4]+0.125*D_proj1_u[1]*df_proj1_u[2]-0.125*D_proj1_l[1]*df_proj1_l[2]+0.125*df_proj1_u[1]*D_proj1_u[2]-0.125*df_proj1_l[1]*D_proj1_l[2]);
  out[6] += Jvzvz*(0.1*D_proj1_u[17]*df_proj1_u[19]+0.1118033988749895*D_proj1_u[6]*df_proj1_u[19]-0.1*D_proj1_l[17]*df_proj1_l[19]-0.1118033988749895*D_proj1_l[6]*df_proj1_l[19]+0.1*df_proj1_u[17]*D_proj1_u[19]+0.1118033988749895*df_proj1_u[6]*D_proj1_u[19]-0.1*df_proj1_l[17]*D_proj1_l[19]-0.1118033988749895*df_proj1_l[6]*D_proj1_l[19]+0.125*D_proj1_u[8]*df_proj1_u[18]-0.125*D_proj1_l[8]*df_proj1_l[18]+0.125*df_proj1_u[8]*D_proj1_u[18]-0.125*df_proj1_l[8]*D_proj1_l[18]+0.1118033988749895*D_proj1_u[4]*df_proj1_u[17]-0.1118033988749895*D_proj1_l[4]*df_proj1_l[17]+0.1118033988749895*df_proj1_u[4]*D_proj1_u[17]-0.1118033988749895*df_proj1_l[4]*D_proj1_l[17]+0.1118033988749895*D_proj1_u[10]*df_proj1_u[16]-0.1118033988749895*D_proj1_l[10]*df_proj1_l[16]+0.1118033988749895*df_proj1_u[10]*D_proj1_u[16]-0.1118033988749895*df_proj1_l[10]*D_proj1_l[16]+0.1*D_proj1_u[13]*df_proj1_u[15]+0.1118033988749895*D_proj1_u[3]*df_proj1_u[15]-0.1*D_proj1_l[13]*df_proj1_l[15]-0.1118033988749895*D_proj1_l[3]*df_proj1_l[15]+0.1*df_proj1_u[13]*D_proj1_u[15]+0.1118033988749895*df_proj1_u[3]*D_proj1_u[15]-0.1*df_proj1_l[13]*D_proj1_l[15]-0.1118033988749895*df_proj1_l[3]*D_proj1_l[15]+0.125*D_proj1_u[12]*df_proj1_u[14]-0.125*D_proj1_l[12]*df_proj1_l[14]+0.125*df_proj1_u[12]*D_proj1_u[14]-0.125*df_proj1_l[12]*D_proj1_l[14]+0.1118033988749895*D_proj1_u[1]*df_proj1_u[13]-0.1118033988749895*D_proj1_l[1]*df_proj1_l[13]+0.1118033988749895*df_proj1_u[1]*D_proj1_u[13]-0.1118033988749895*df_proj1_l[1]*D_proj1_l[13]+0.1118033988749895*D_proj1_u[10]*df_proj1_u[11]-0.1118033988749895*D_proj1_l[10]*df_proj1_l[11]+0.1118033988749895*df_proj1_u[10]*D_proj1_u[11]-0.1118033988749895*df_proj1_l[10]*D_proj1_l[11]+0.125*D_proj1_u[2]*df_proj1_u[10]-0.125*D_proj1_l[2]*df_proj1_l[10]+0.125*df_proj1_u[2]*D_proj1_u[10]-0.125*df_proj1_l[2]*D_proj1_l[10]+0.1118033988749895*D_proj1_u[5]*df_proj1_u[9]-0.1118033988749895*D_proj1_l[5]*df_proj1_l[9]+0.1118033988749895*df_proj1_u[5]*D_proj1_u[9]-0.1118033988749895*df_proj1_l[5]*D_proj1_l[9]+0.1118033988749895*D_proj1_u[5]*df_proj1_u[7]-0.1118033988749895*D_proj1_l[5]*df_proj1_l[7]+0.1118033988749895*df_proj1_u[5]*D_proj1_u[7]-0.1118033988749895*df_proj1_l[5]*D_proj1_l[7]+0.125*D_proj1_u[4]*df_proj1_u[6]-0.125*D_proj1_l[4]*df_proj1_l[6]+0.125*df_proj1_u[4]*D_proj1_u[6]-0.125*df_proj1_l[4]*D_proj1_l[6]+0.125*D_proj1_u[0]*df_proj1_u[5]-0.125*D_proj1_l[0]*df_proj1_l[5]+0.125*df_proj1_u[0]*D_proj1_u[5]-0.125*df_proj1_l[0]*D_proj1_l[5]+0.125*D_proj1_u[1]*df_proj1_u[3]-0.125*D_proj1_l[1]*df_proj1_l[3]+0.125*df_proj1_u[1]*D_proj1_u[3]-0.125*df_proj1_l[1]*D_proj1_l[3]);
  out[7] += Jvzvz*(0.1*D_proj1_u[18]*df_proj1_u[19]+0.1118033988749895*D_proj1_u[5]*df_proj1_u[19]-0.1*D_proj1_l[18]*df_proj1_l[19]-0.1118033988749895*D_proj1_l[5]*df_proj1_l[19]+0.1*df_proj1_u[18]*D_proj1_u[19]+0.1118033988749895*df_proj1_u[5]*D_proj1_u[19]-0.1*df_proj1_l[18]*D_proj1_l[19]-0.1118033988749895*df_proj1_l[5]*D_proj1_l[19]+0.1118033988749895*D_proj1_u[4]*df_proj1_u[18]-0.1118033988749895*D_proj1_l[4]*df_proj1_l[18]+0.1118033988749895*df_proj1_u[4]*D_proj1_u[18]-0.1118033988749895*df_proj1_l[4]*D_proj1_l[18]+0.125*D_proj1_u[7]*df_proj1_u[17]-0.125*D_proj1_l[7]*df_proj1_l[17]+0.125*df_proj1_u[7]*D_proj1_u[17]-0.125*df_proj1_l[7]*D_proj1_l[17]+0.1*D_proj1_u[14]*df_proj1_u[16]+0.1118033988749895*D_proj1_u[3]*df_proj1_u[16]-0.1*D_proj1_l[14]*df_proj1_l[16]-0.1118033988749895*D_proj1_l[3]*df_proj1_l[16]+0.1*df_proj1_u[14]*D_proj1_u[16]+0.1118033988749895*df_proj1_u[3]*D_proj1_u[16]-0.1*df_proj1_l[14]*D_proj1_l[16]-0.1118033988749895*df_proj1_l[3]*D_proj1_l[16]+0.1118033988749895*D_proj1_u[10]*df_proj1_u[15]-0.1118033988749895*D_proj1_l[10]*df_proj1_l[15]+0.1118033988749895*df_proj1_u[10]*D_proj1_u[15]-0.1118033988749895*df_proj1_l[10]*D_proj1_l[15]+0.1118033988749895*D_proj1_u[2]*df_proj1_u[14]-0.1118033988749895*D_proj1_l[2]*df_proj1_l[14]+0.1118033988749895*df_proj1_u[2]*D_proj1_u[14]-0.1118033988749895*df_proj1_l[2]*D_proj1_l[14]+0.125*D_proj1_u[11]*df_proj1_u[13]-0.125*D_proj1_l[11]*df_proj1_l[13]+0.125*df_proj1_u[11]*D_proj1_u[13]-0.125*df_proj1_l[11]*D_proj1_l[13]+0.1118033988749895*D_proj1_u[10]*df_proj1_u[12]-0.1118033988749895*D_proj1_l[10]*df_proj1_l[12]+0.1118033988749895*df_proj1_u[10]*D_proj1_u[12]-0.1118033988749895*df_proj1_l[10]*D_proj1_l[12]+0.125*D_proj1_u[1]*df_proj1_u[10]-0.125*D_proj1_l[1]*df_proj1_l[10]+0.125*df_proj1_u[1]*D_proj1_u[10]-0.125*df_proj1_l[1]*D_proj1_l[10]+0.1118033988749895*D_proj1_u[6]*df_proj1_u[9]-0.1118033988749895*D_proj1_l[6]*df_proj1_l[9]+0.1118033988749895*df_proj1_u[6]*D_proj1_u[9]-0.1118033988749895*df_proj1_l[6]*D_proj1_l[9]+0.1118033988749895*D_proj1_u[6]*df_proj1_u[8]-0.1118033988749895*D_proj1_l[6]*df_proj1_l[8]+0.1118033988749895*df_proj1_u[6]*D_proj1_u[8]-0.1118033988749895*df_proj1_l[6]*D_proj1_l[8]+0.125*D_proj1_u[0]*df_proj1_u[6]-0.125*D_proj1_l[0]*df_proj1_l[6]+0.125*df_proj1_u[0]*D_proj1_u[6]-0.125*df_proj1_l[0]*D_proj1_l[6]+0.125*D_proj1_u[4]*df_proj1_u[5]-0.125*D_proj1_l[4]*df_proj1_l[5]+0.125*df_proj1_u[4]*D_proj1_u[5]-0.125*df_proj1_l[4]*D_proj1_l[5]+0.125*D_proj1_u[2]*df_proj1_u[3]-0.125*D_proj1_l[2]*df_proj1_l[3]+0.125*df_proj1_u[2]*D_proj1_u[3]-0.125*df_proj1_l[2]*D_proj1_l[3]);
