#include <gkyl_fpo_vlasov_kernels.h>

GKYL_CU_DH double
fpo_vlasov_diff_surfvyvy_1x3v_ser_p2(const double* w, const double* dx,
  const double* g[], const double* f[], double* GKYL_RESTRICT out) 
{
  // w[NDIM]: Cell-center coordinates
  // dxv[NDIM]: Cell spacing
  // g: 
  // f: 
  // out: Incremented output

  const double Jvyvy = 4/dx[2]/dx[2];

  const double* gllc = g[1];
  const double* glcl = g[3];
  const double* glcc = g[4];
  const double* glcu = g[5];
  const double* gluc = g[7];
  const double* gcll = g[9];
  const double* gclc = g[10];
  const double* gclu = g[11];
  const double* gccl = g[12];
  const double* gccc = g[13];
  const double* gccu = g[14];
  const double* gcul = g[15];
  const double* gcuc = g[16];
  const double* gcuu = g[17];
  const double* gulc = g[19];
  const double* gucl = g[21];
  const double* gucc = g[22];
  const double* gucu = g[23];
  const double* guuc = g[25];

  const double* fllc = f[1];
  const double* flcl = f[3];
  const double* flcc = f[4];
  const double* flcu = f[5];
  const double* fluc = f[7];
  const double* fcll = f[9];
  const double* fclc = f[10];
  const double* fclu = f[11];
  const double* fccl = f[12];
  const double* fccc = f[13];
  const double* fccu = f[14];
  const double* fcul = f[15];
  const double* fcuc = f[16];
  const double* fcuu = f[17];
  const double* fulc = f[19];
  const double* fucl = f[21];
  const double* fucc = f[22];
  const double* fucu = f[23];
  const double* fuuc = f[25];

  double D_proj1_l[20];
  D_proj1_l[0] = (-2.075244714485498*gclc[13])-2.075244714485498*gccc[13]-1.148198316929614*gclc[3]+1.148198316929614*gccc[3];
  D_proj1_l[1] = (-2.075244714485498*gclc[23])-2.075244714485498*gccc[23]-1.148198316929614*gclc[6]+1.148198316929614*gccc[6];
  D_proj1_l[2] = (-2.075244714485498*gclc[24])-2.075244714485498*gccc[24]-1.148198316929614*gclc[7]+1.148198316929614*gccc[7];
  D_proj1_l[3] = (-2.075244714485498*gclc[27])-2.075244714485498*gccc[27]-1.148198316929614*gclc[10]+1.148198316929614*gccc[10];
  D_proj1_l[4] = (-2.075244714485498*gclc[34])-2.075244714485498*gccc[34]-1.148198316929614*gclc[15]+1.148198316929614*gccc[15];
  D_proj1_l[5] = (-2.075244714485498*gclc[39])-2.075244714485498*gccc[39]-1.148198316929614*gclc[17]+1.148198316929614*gccc[17];
  D_proj1_l[6] = (-2.075244714485498*gclc[40])-2.075244714485498*gccc[40]-1.148198316929614*gclc[18]+1.148198316929614*gccc[18];
  D_proj1_l[7] = 1.148198316929614*gccc[21]-1.148198316929614*gclc[21];
  D_proj1_l[8] = 1.148198316929614*gccc[22]-1.148198316929614*gclc[22];
  D_proj1_l[9] = 1.148198316929614*gccc[30]-1.148198316929614*gclc[30];
  D_proj1_l[10] = (-2.075244714485498*gclc[46])-2.075244714485498*gccc[46]-1.148198316929614*gclc[31]+1.148198316929614*gccc[31];
  D_proj1_l[11] = 1.148198316929614*gccc[32]-1.148198316929614*gclc[32];
  D_proj1_l[12] = 1.148198316929614*gccc[33]-1.148198316929614*gclc[33];
  D_proj1_l[13] = 1.148198316929614*gccc[37]-1.148198316929614*gclc[37];
  D_proj1_l[14] = 1.148198316929614*gccc[38]-1.148198316929614*gclc[38];
  D_proj1_l[15] = 1.148198316929614*gccc[42]-1.148198316929614*gclc[42];
  D_proj1_l[16] = 1.148198316929614*gccc[43]-1.148198316929614*gclc[43];
  D_proj1_l[17] = 1.148198316929614*gccc[44]-1.148198316929614*gclc[44];
  D_proj1_l[18] = 1.148198316929614*gccc[45]-1.148198316929614*gclc[45];
  D_proj1_l[19] = 1.148198316929614*gccc[47]-1.148198316929614*gclc[47];

  double D_proj1_u[20];
  D_proj1_u[0] = (-2.075244714485498*gcuc[13])-2.075244714485498*gccc[13]+1.148198316929614*gcuc[3]-1.148198316929614*gccc[3];
  D_proj1_u[1] = (-2.075244714485498*gcuc[23])-2.075244714485498*gccc[23]+1.148198316929614*gcuc[6]-1.148198316929614*gccc[6];
  D_proj1_u[2] = (-2.075244714485498*gcuc[24])-2.075244714485498*gccc[24]+1.148198316929614*gcuc[7]-1.148198316929614*gccc[7];
  D_proj1_u[3] = (-2.075244714485498*gcuc[27])-2.075244714485498*gccc[27]+1.148198316929614*gcuc[10]-1.148198316929614*gccc[10];
  D_proj1_u[4] = (-2.075244714485498*gcuc[34])-2.075244714485498*gccc[34]+1.148198316929614*gcuc[15]-1.148198316929614*gccc[15];
  D_proj1_u[5] = (-2.075244714485498*gcuc[39])-2.075244714485498*gccc[39]+1.148198316929614*gcuc[17]-1.148198316929614*gccc[17];
  D_proj1_u[6] = (-2.075244714485498*gcuc[40])-2.075244714485498*gccc[40]+1.148198316929614*gcuc[18]-1.148198316929614*gccc[18];
  D_proj1_u[7] = 1.148198316929614*gcuc[21]-1.148198316929614*gccc[21];
  D_proj1_u[8] = 1.148198316929614*gcuc[22]-1.148198316929614*gccc[22];
  D_proj1_u[9] = 1.148198316929614*gcuc[30]-1.148198316929614*gccc[30];
  D_proj1_u[10] = (-2.075244714485498*gcuc[46])-2.075244714485498*gccc[46]+1.148198316929614*gcuc[31]-1.148198316929614*gccc[31];
  D_proj1_u[11] = 1.148198316929614*gcuc[32]-1.148198316929614*gccc[32];
  D_proj1_u[12] = 1.148198316929614*gcuc[33]-1.148198316929614*gccc[33];
  D_proj1_u[13] = 1.148198316929614*gcuc[37]-1.148198316929614*gccc[37];
  D_proj1_u[14] = 1.148198316929614*gcuc[38]-1.148198316929614*gccc[38];
  D_proj1_u[15] = 1.148198316929614*gcuc[42]-1.148198316929614*gccc[42];
  D_proj1_u[16] = 1.148198316929614*gcuc[43]-1.148198316929614*gccc[43];
  D_proj1_u[17] = 1.148198316929614*gcuc[44]-1.148198316929614*gccc[44];
  D_proj1_u[18] = 1.148198316929614*gcuc[45]-1.148198316929614*gccc[45];
  D_proj1_u[19] = 1.148198316929614*gcuc[47]-1.148198316929614*gccc[47];

  double df_proj1_l[20];
  df_proj1_l[0] = (-0.9486832980505137*fclc[13])+0.9486832980505137*fccc[13]-1.684024198163434*fclc[3]-1.684024198163434*fccc[3]-1.325825214724776*fclc[0]+1.325825214724776*fccc[0];
  df_proj1_l[1] = (-0.9486832980505138*fclc[23])+0.9486832980505138*fccc[23]-1.684024198163434*fclc[6]-1.684024198163434*fccc[6]-1.325825214724776*fclc[1]+1.325825214724776*fccc[1];
  df_proj1_l[2] = (-0.9486832980505138*fclc[24])+0.9486832980505138*fccc[24]-1.684024198163434*fclc[7]-1.684024198163434*fccc[7]-1.325825214724776*fclc[2]+1.325825214724776*fccc[2];
  df_proj1_l[3] = (-0.9486832980505138*fclc[27])+0.9486832980505138*fccc[27]-1.684024198163434*fclc[10]-1.684024198163434*fccc[10]-1.325825214724776*fclc[4]+1.325825214724776*fccc[4];
  df_proj1_l[4] = (-0.9486832980505137*fclc[34])+0.9486832980505137*fccc[34]-1.684024198163434*fclc[15]-1.684024198163434*fccc[15]-1.325825214724776*fclc[5]+1.325825214724776*fccc[5];
  df_proj1_l[5] = (-0.9486832980505137*fclc[39])+0.9486832980505137*fccc[39]-1.684024198163434*fclc[17]-1.684024198163434*fccc[17]-1.325825214724776*fclc[8]+1.325825214724776*fccc[8];
  df_proj1_l[6] = (-0.9486832980505137*fclc[40])+0.9486832980505137*fccc[40]-1.684024198163434*fclc[18]-1.684024198163434*fccc[18]-1.325825214724776*fclc[9]+1.325825214724776*fccc[9];
  df_proj1_l[7] = (-1.684024198163434*fclc[21])-1.684024198163434*fccc[21]-1.325825214724776*fclc[11]+1.325825214724776*fccc[11];
  df_proj1_l[8] = (-1.684024198163434*fclc[22])-1.684024198163434*fccc[22]-1.325825214724776*fclc[12]+1.325825214724776*fccc[12];
  df_proj1_l[9] = (-1.684024198163434*fclc[30])-1.684024198163434*fccc[30]-1.325825214724776*fclc[14]+1.325825214724776*fccc[14];
  df_proj1_l[10] = (-0.9486832980505138*fclc[46])+0.9486832980505138*fccc[46]-1.684024198163434*fclc[31]-1.684024198163434*fccc[31]-1.325825214724776*fclc[16]+1.325825214724776*fccc[16];
  df_proj1_l[11] = (-1.684024198163434*fclc[32])-1.684024198163434*fccc[32]-1.325825214724776*fclc[19]+1.325825214724776*fccc[19];
  df_proj1_l[12] = (-1.684024198163434*fclc[33])-1.684024198163434*fccc[33]-1.325825214724776*fclc[20]+1.325825214724776*fccc[20];
  df_proj1_l[13] = (-1.684024198163434*fclc[37])-1.684024198163434*fccc[37]-1.325825214724776*fclc[25]+1.325825214724776*fccc[25];
  df_proj1_l[14] = (-1.684024198163434*fclc[38])-1.684024198163434*fccc[38]-1.325825214724776*fclc[26]+1.325825214724776*fccc[26];
  df_proj1_l[15] = (-1.684024198163434*fclc[42])-1.684024198163434*fccc[42]-1.325825214724776*fclc[28]+1.325825214724776*fccc[28];
  df_proj1_l[16] = (-1.684024198163434*fclc[43])-1.684024198163434*fccc[43]-1.325825214724776*fclc[29]+1.325825214724776*fccc[29];
  df_proj1_l[17] = (-1.684024198163434*fclc[44])-1.684024198163434*fccc[44]-1.325825214724776*fclc[35]+1.325825214724776*fccc[35];
  df_proj1_l[18] = (-1.684024198163434*fclc[45])-1.684024198163434*fccc[45]-1.325825214724776*fclc[36]+1.325825214724776*fccc[36];
  df_proj1_l[19] = (-1.684024198163434*fclc[47])-1.684024198163434*fccc[47]-1.325825214724776*fclc[41]+1.325825214724776*fccc[41];

  double df_proj1_u[20];
  df_proj1_u[0] = 0.9486832980505137*fcuc[13]-0.9486832980505137*fccc[13]-1.684024198163434*fcuc[3]-1.684024198163434*fccc[3]+1.325825214724776*fcuc[0]-1.325825214724776*fccc[0];
  df_proj1_u[1] = 0.9486832980505138*fcuc[23]-0.9486832980505138*fccc[23]-1.684024198163434*fcuc[6]-1.684024198163434*fccc[6]+1.325825214724776*fcuc[1]-1.325825214724776*fccc[1];
  df_proj1_u[2] = 0.9486832980505138*fcuc[24]-0.9486832980505138*fccc[24]-1.684024198163434*fcuc[7]-1.684024198163434*fccc[7]+1.325825214724776*fcuc[2]-1.325825214724776*fccc[2];
  df_proj1_u[3] = 0.9486832980505138*fcuc[27]-0.9486832980505138*fccc[27]-1.684024198163434*fcuc[10]-1.684024198163434*fccc[10]+1.325825214724776*fcuc[4]-1.325825214724776*fccc[4];
  df_proj1_u[4] = 0.9486832980505137*fcuc[34]-0.9486832980505137*fccc[34]-1.684024198163434*fcuc[15]-1.684024198163434*fccc[15]+1.325825214724776*fcuc[5]-1.325825214724776*fccc[5];
  df_proj1_u[5] = 0.9486832980505137*fcuc[39]-0.9486832980505137*fccc[39]-1.684024198163434*fcuc[17]-1.684024198163434*fccc[17]+1.325825214724776*fcuc[8]-1.325825214724776*fccc[8];
  df_proj1_u[6] = 0.9486832980505137*fcuc[40]-0.9486832980505137*fccc[40]-1.684024198163434*fcuc[18]-1.684024198163434*fccc[18]+1.325825214724776*fcuc[9]-1.325825214724776*fccc[9];
  df_proj1_u[7] = (-1.684024198163434*fcuc[21])-1.684024198163434*fccc[21]+1.325825214724776*fcuc[11]-1.325825214724776*fccc[11];
  df_proj1_u[8] = (-1.684024198163434*fcuc[22])-1.684024198163434*fccc[22]+1.325825214724776*fcuc[12]-1.325825214724776*fccc[12];
  df_proj1_u[9] = (-1.684024198163434*fcuc[30])-1.684024198163434*fccc[30]+1.325825214724776*fcuc[14]-1.325825214724776*fccc[14];
  df_proj1_u[10] = 0.9486832980505138*fcuc[46]-0.9486832980505138*fccc[46]-1.684024198163434*fcuc[31]-1.684024198163434*fccc[31]+1.325825214724776*fcuc[16]-1.325825214724776*fccc[16];
  df_proj1_u[11] = (-1.684024198163434*fcuc[32])-1.684024198163434*fccc[32]+1.325825214724776*fcuc[19]-1.325825214724776*fccc[19];
  df_proj1_u[12] = (-1.684024198163434*fcuc[33])-1.684024198163434*fccc[33]+1.325825214724776*fcuc[20]-1.325825214724776*fccc[20];
  df_proj1_u[13] = (-1.684024198163434*fcuc[37])-1.684024198163434*fccc[37]+1.325825214724776*fcuc[25]-1.325825214724776*fccc[25];
  df_proj1_u[14] = (-1.684024198163434*fcuc[38])-1.684024198163434*fccc[38]+1.325825214724776*fcuc[26]-1.325825214724776*fccc[26];
  df_proj1_u[15] = (-1.684024198163434*fcuc[42])-1.684024198163434*fccc[42]+1.325825214724776*fcuc[28]-1.325825214724776*fccc[28];
  df_proj1_u[16] = (-1.684024198163434*fcuc[43])-1.684024198163434*fccc[43]+1.325825214724776*fcuc[29]-1.325825214724776*fccc[29];
  df_proj1_u[17] = (-1.684024198163434*fcuc[44])-1.684024198163434*fccc[44]+1.325825214724776*fcuc[35]-1.325825214724776*fccc[35];
  df_proj1_u[18] = (-1.684024198163434*fcuc[45])-1.684024198163434*fccc[45]+1.325825214724776*fcuc[36]-1.325825214724776*fccc[36];
  df_proj1_u[19] = (-1.684024198163434*fcuc[47])-1.684024198163434*fccc[47]+1.325825214724776*fcuc[41]-1.325825214724776*fccc[41];

  double f_proj2_l[20];
  f_proj2_l[0] = 0.3458741190809163*fclc[13]+0.3458741190809163*fccc[13]+0.4975526040028326*fclc[3]-0.4975526040028326*fccc[3]+0.3535533905932737*fclc[0]+0.3535533905932737*fccc[0];
  f_proj2_l[1] = 0.3458741190809163*fclc[23]+0.3458741190809163*fccc[23]+0.4975526040028326*fclc[6]-0.4975526040028326*fccc[6]+0.3535533905932737*fclc[1]+0.3535533905932737*fccc[1];
  f_proj2_l[2] = 0.3458741190809163*fclc[24]+0.3458741190809163*fccc[24]+0.4975526040028326*fclc[7]-0.4975526040028326*fccc[7]+0.3535533905932737*fclc[2]+0.3535533905932737*fccc[2];
  f_proj2_l[3] = 0.3458741190809163*fclc[27]+0.3458741190809163*fccc[27]+0.4975526040028326*fclc[10]-0.4975526040028326*fccc[10]+0.3535533905932737*fclc[4]+0.3535533905932737*fccc[4];
  f_proj2_l[4] = 0.3458741190809163*fclc[34]+0.3458741190809163*fccc[34]+0.4975526040028326*fclc[15]-0.4975526040028326*fccc[15]+0.3535533905932737*fclc[5]+0.3535533905932737*fccc[5];
  f_proj2_l[5] = 0.3458741190809163*fclc[39]+0.3458741190809163*fccc[39]+0.4975526040028326*fclc[17]-0.4975526040028326*fccc[17]+0.3535533905932737*fclc[8]+0.3535533905932737*fccc[8];
  f_proj2_l[6] = 0.3458741190809163*fclc[40]+0.3458741190809163*fccc[40]+0.4975526040028326*fclc[18]-0.4975526040028326*fccc[18]+0.3535533905932737*fclc[9]+0.3535533905932737*fccc[9];
  f_proj2_l[7] = 0.4975526040028326*fclc[21]-0.4975526040028326*fccc[21]+0.3535533905932737*fclc[11]+0.3535533905932737*fccc[11];
  f_proj2_l[8] = 0.4975526040028326*fclc[22]-0.4975526040028326*fccc[22]+0.3535533905932737*fclc[12]+0.3535533905932737*fccc[12];
  f_proj2_l[9] = 0.4975526040028326*fclc[30]-0.4975526040028326*fccc[30]+0.3535533905932737*fclc[14]+0.3535533905932737*fccc[14];
  f_proj2_l[10] = 0.3458741190809163*fclc[46]+0.3458741190809163*fccc[46]+0.4975526040028326*fclc[31]-0.4975526040028326*fccc[31]+0.3535533905932737*fclc[16]+0.3535533905932737*fccc[16];
  f_proj2_l[11] = 0.4975526040028326*fclc[32]-0.4975526040028326*fccc[32]+0.3535533905932737*fclc[19]+0.3535533905932737*fccc[19];
  f_proj2_l[12] = 0.4975526040028326*fclc[33]-0.4975526040028326*fccc[33]+0.3535533905932737*fclc[20]+0.3535533905932737*fccc[20];
  f_proj2_l[13] = 0.4975526040028326*fclc[37]-0.4975526040028326*fccc[37]+0.3535533905932737*fclc[25]+0.3535533905932737*fccc[25];
  f_proj2_l[14] = 0.4975526040028326*fclc[38]-0.4975526040028326*fccc[38]+0.3535533905932737*fclc[26]+0.3535533905932737*fccc[26];
  f_proj2_l[15] = 0.4975526040028326*fclc[42]-0.4975526040028326*fccc[42]+0.3535533905932737*fclc[28]+0.3535533905932737*fccc[28];
  f_proj2_l[16] = 0.4975526040028326*fclc[43]-0.4975526040028326*fccc[43]+0.3535533905932737*fclc[29]+0.3535533905932737*fccc[29];
  f_proj2_l[17] = 0.4975526040028326*fclc[44]-0.4975526040028326*fccc[44]+0.3535533905932737*fclc[35]+0.3535533905932737*fccc[35];
  f_proj2_l[18] = 0.4975526040028326*fclc[45]-0.4975526040028326*fccc[45]+0.3535533905932737*fclc[36]+0.3535533905932737*fccc[36];
  f_proj2_l[19] = 0.4975526040028326*fclc[47]-0.4975526040028326*fccc[47]+0.3535533905932737*fclc[41]+0.3535533905932737*fccc[41];

  double f_proj2_u[20];
  f_proj2_u[0] = 0.3458741190809163*fcuc[13]+0.3458741190809163*fccc[13]-0.4975526040028326*fcuc[3]+0.4975526040028326*fccc[3]+0.3535533905932737*fcuc[0]+0.3535533905932737*fccc[0];
  f_proj2_u[1] = 0.3458741190809163*fcuc[23]+0.3458741190809163*fccc[23]-0.4975526040028326*fcuc[6]+0.4975526040028326*fccc[6]+0.3535533905932737*fcuc[1]+0.3535533905932737*fccc[1];
  f_proj2_u[2] = 0.3458741190809163*fcuc[24]+0.3458741190809163*fccc[24]-0.4975526040028326*fcuc[7]+0.4975526040028326*fccc[7]+0.3535533905932737*fcuc[2]+0.3535533905932737*fccc[2];
  f_proj2_u[3] = 0.3458741190809163*fcuc[27]+0.3458741190809163*fccc[27]-0.4975526040028326*fcuc[10]+0.4975526040028326*fccc[10]+0.3535533905932737*fcuc[4]+0.3535533905932737*fccc[4];
  f_proj2_u[4] = 0.3458741190809163*fcuc[34]+0.3458741190809163*fccc[34]-0.4975526040028326*fcuc[15]+0.4975526040028326*fccc[15]+0.3535533905932737*fcuc[5]+0.3535533905932737*fccc[5];
  f_proj2_u[5] = 0.3458741190809163*fcuc[39]+0.3458741190809163*fccc[39]-0.4975526040028326*fcuc[17]+0.4975526040028326*fccc[17]+0.3535533905932737*fcuc[8]+0.3535533905932737*fccc[8];
  f_proj2_u[6] = 0.3458741190809163*fcuc[40]+0.3458741190809163*fccc[40]-0.4975526040028326*fcuc[18]+0.4975526040028326*fccc[18]+0.3535533905932737*fcuc[9]+0.3535533905932737*fccc[9];
  f_proj2_u[7] = (-0.4975526040028326*fcuc[21])+0.4975526040028326*fccc[21]+0.3535533905932737*fcuc[11]+0.3535533905932737*fccc[11];
  f_proj2_u[8] = (-0.4975526040028326*fcuc[22])+0.4975526040028326*fccc[22]+0.3535533905932737*fcuc[12]+0.3535533905932737*fccc[12];
  f_proj2_u[9] = (-0.4975526040028326*fcuc[30])+0.4975526040028326*fccc[30]+0.3535533905932737*fcuc[14]+0.3535533905932737*fccc[14];
  f_proj2_u[10] = 0.3458741190809163*fcuc[46]+0.3458741190809163*fccc[46]-0.4975526040028326*fcuc[31]+0.4975526040028326*fccc[31]+0.3535533905932737*fcuc[16]+0.3535533905932737*fccc[16];
  f_proj2_u[11] = (-0.4975526040028326*fcuc[32])+0.4975526040028326*fccc[32]+0.3535533905932737*fcuc[19]+0.3535533905932737*fccc[19];
  f_proj2_u[12] = (-0.4975526040028326*fcuc[33])+0.4975526040028326*fccc[33]+0.3535533905932737*fcuc[20]+0.3535533905932737*fccc[20];
  f_proj2_u[13] = (-0.4975526040028326*fcuc[37])+0.4975526040028326*fccc[37]+0.3535533905932737*fcuc[25]+0.3535533905932737*fccc[25];
  f_proj2_u[14] = (-0.4975526040028326*fcuc[38])+0.4975526040028326*fccc[38]+0.3535533905932737*fcuc[26]+0.3535533905932737*fccc[26];
  f_proj2_u[15] = (-0.4975526040028326*fcuc[42])+0.4975526040028326*fccc[42]+0.3535533905932737*fcuc[28]+0.3535533905932737*fccc[28];
  f_proj2_u[16] = (-0.4975526040028326*fcuc[43])+0.4975526040028326*fccc[43]+0.3535533905932737*fcuc[29]+0.3535533905932737*fccc[29];
  f_proj2_u[17] = (-0.4975526040028326*fcuc[44])+0.4975526040028326*fccc[44]+0.3535533905932737*fcuc[35]+0.3535533905932737*fccc[35];
  f_proj2_u[18] = (-0.4975526040028326*fcuc[45])+0.4975526040028326*fccc[45]+0.3535533905932737*fcuc[36]+0.3535533905932737*fccc[36];
  f_proj2_u[19] = (-0.4975526040028326*fcuc[47])+0.4975526040028326*fccc[47]+0.3535533905932737*fcuc[41]+0.3535533905932737*fccc[41];

  out[0] +=  Jvyvy*(0.125*D_proj1_u[19]*df_proj1_u[19]-0.125*D_proj1_l[19]*df_proj1_l[19]+0.125*D_proj1_u[18]*df_proj1_u[18]-0.125*D_proj1_l[18]*df_proj1_l[18]+0.125*D_proj1_u[17]*df_proj1_u[17]-0.125*D_proj1_l[17]*df_proj1_l[17]+0.125*D_proj1_u[16]*df_proj1_u[16]-0.125*D_proj1_l[16]*df_proj1_l[16]+0.125*D_proj1_u[15]*df_proj1_u[15]-0.125*D_proj1_l[15]*df_proj1_l[15]+0.125*D_proj1_u[14]*df_proj1_u[14]-0.125*D_proj1_l[14]*df_proj1_l[14]+0.125*D_proj1_u[13]*df_proj1_u[13]-0.125*D_proj1_l[13]*df_proj1_l[13]+0.125*D_proj1_u[12]*df_proj1_u[12]-0.125*D_proj1_l[12]*df_proj1_l[12]+0.125*D_proj1_u[11]*df_proj1_u[11]-0.125*D_proj1_l[11]*df_proj1_l[11]+0.125*D_proj1_u[10]*df_proj1_u[10]-0.125*D_proj1_l[10]*df_proj1_l[10]+0.125*D_proj1_u[9]*df_proj1_u[9]-0.125*D_proj1_l[9]*df_proj1_l[9]+0.125*D_proj1_u[8]*df_proj1_u[8]-0.125*D_proj1_l[8]*df_proj1_l[8]+0.125*D_proj1_u[7]*df_proj1_u[7]-0.125*D_proj1_l[7]*df_proj1_l[7]+0.125*D_proj1_u[6]*df_proj1_u[6]-0.125*D_proj1_l[6]*df_proj1_l[6]+0.125*D_proj1_u[5]*df_proj1_u[5]-0.125*D_proj1_l[5]*df_proj1_l[5]+0.125*D_proj1_u[4]*df_proj1_u[4]-0.125*D_proj1_l[4]*df_proj1_l[4]+0.125*D_proj1_u[3]*df_proj1_u[3]-0.125*D_proj1_l[3]*df_proj1_l[3]+0.125*D_proj1_u[2]*df_proj1_u[2]-0.125*D_proj1_l[2]*df_proj1_l[2]+0.125*D_proj1_u[1]*df_proj1_u[1]-0.125*D_proj1_l[1]*df_proj1_l[1]+0.125*D_proj1_u[0]*df_proj1_u[0]-0.125*D_proj1_l[0]*df_proj1_l[0]);
  out[1] +=  Jvyvy*(0.125*D_proj1_u[16]*df_proj1_u[19]-0.125*D_proj1_l[16]*df_proj1_l[19]+0.125*df_proj1_u[16]*D_proj1_u[19]-0.125*df_proj1_l[16]*D_proj1_l[19]+0.125*D_proj1_u[14]*df_proj1_u[18]-0.125*D_proj1_l[14]*df_proj1_l[18]+0.125*df_proj1_u[14]*D_proj1_u[18]-0.125*df_proj1_l[14]*D_proj1_l[18]+0.1118033988749895*D_proj1_u[10]*df_proj1_u[17]-0.1118033988749895*D_proj1_l[10]*df_proj1_l[17]+0.1118033988749895*df_proj1_u[10]*D_proj1_u[17]-0.1118033988749895*df_proj1_l[10]*D_proj1_l[17]+0.125*D_proj1_u[9]*df_proj1_u[15]-0.125*D_proj1_l[9]*df_proj1_l[15]+0.125*df_proj1_u[9]*D_proj1_u[15]-0.125*df_proj1_l[9]*D_proj1_l[15]+0.1118033988749895*D_proj1_u[5]*df_proj1_u[13]-0.1118033988749895*D_proj1_l[5]*df_proj1_l[13]+0.1118033988749895*df_proj1_u[5]*D_proj1_u[13]-0.1118033988749895*df_proj1_l[5]*D_proj1_l[13]+0.125*D_proj1_u[8]*df_proj1_u[12]-0.125*D_proj1_l[8]*df_proj1_l[12]+0.125*df_proj1_u[8]*D_proj1_u[12]-0.125*df_proj1_l[8]*D_proj1_l[12]+0.1118033988749895*D_proj1_u[4]*df_proj1_u[11]-0.1118033988749895*D_proj1_l[4]*df_proj1_l[11]+0.1118033988749895*df_proj1_u[4]*D_proj1_u[11]-0.1118033988749895*df_proj1_l[4]*D_proj1_l[11]+0.125*D_proj1_u[6]*df_proj1_u[10]-0.125*D_proj1_l[6]*df_proj1_l[10]+0.125*df_proj1_u[6]*D_proj1_u[10]-0.125*df_proj1_l[6]*D_proj1_l[10]+0.1118033988749895*D_proj1_u[1]*df_proj1_u[7]-0.1118033988749895*D_proj1_l[1]*df_proj1_l[7]+0.1118033988749895*df_proj1_u[1]*D_proj1_u[7]-0.1118033988749895*df_proj1_l[1]*D_proj1_l[7]+0.125*D_proj1_u[3]*df_proj1_u[5]-0.125*D_proj1_l[3]*df_proj1_l[5]+0.125*df_proj1_u[3]*D_proj1_u[5]-0.125*df_proj1_l[3]*D_proj1_l[5]+0.125*D_proj1_u[2]*df_proj1_u[4]-0.125*D_proj1_l[2]*df_proj1_l[4]+0.125*df_proj1_u[2]*D_proj1_u[4]-0.125*df_proj1_l[2]*D_proj1_l[4]+0.125*D_proj1_u[0]*df_proj1_u[1]-0.125*D_proj1_l[0]*df_proj1_l[1]+0.125*df_proj1_u[0]*D_proj1_u[1]-0.125*df_proj1_l[0]*D_proj1_l[1]);
  out[2] +=  Jvyvy*(0.125*D_proj1_u[15]*df_proj1_u[19]-0.125*D_proj1_l[15]*df_proj1_l[19]+0.125*df_proj1_u[15]*D_proj1_u[19]-0.125*df_proj1_l[15]*D_proj1_l[19]+0.1118033988749895*D_proj1_u[10]*df_proj1_u[18]-0.1118033988749895*D_proj1_l[10]*df_proj1_l[18]+0.1118033988749895*df_proj1_u[10]*D_proj1_u[18]-0.1118033988749895*df_proj1_l[10]*D_proj1_l[18]+0.125*D_proj1_u[13]*df_proj1_u[17]-0.125*D_proj1_l[13]*df_proj1_l[17]+0.125*df_proj1_u[13]*D_proj1_u[17]-0.125*df_proj1_l[13]*D_proj1_l[17]+0.125*D_proj1_u[9]*df_proj1_u[16]-0.125*D_proj1_l[9]*df_proj1_l[16]+0.125*df_proj1_u[9]*D_proj1_u[16]-0.125*df_proj1_l[9]*D_proj1_l[16]+0.1118033988749895*D_proj1_u[6]*df_proj1_u[14]-0.1118033988749895*D_proj1_l[6]*df_proj1_l[14]+0.1118033988749895*df_proj1_u[6]*D_proj1_u[14]-0.1118033988749895*df_proj1_l[6]*D_proj1_l[14]+0.1118033988749895*D_proj1_u[4]*df_proj1_u[12]-0.1118033988749895*D_proj1_l[4]*df_proj1_l[12]+0.1118033988749895*df_proj1_u[4]*D_proj1_u[12]-0.1118033988749895*df_proj1_l[4]*D_proj1_l[12]+0.125*D_proj1_u[7]*df_proj1_u[11]-0.125*D_proj1_l[7]*df_proj1_l[11]+0.125*df_proj1_u[7]*D_proj1_u[11]-0.125*df_proj1_l[7]*D_proj1_l[11]+0.125*D_proj1_u[5]*df_proj1_u[10]-0.125*D_proj1_l[5]*df_proj1_l[10]+0.125*df_proj1_u[5]*D_proj1_u[10]-0.125*df_proj1_l[5]*D_proj1_l[10]+0.1118033988749895*D_proj1_u[2]*df_proj1_u[8]-0.1118033988749895*D_proj1_l[2]*df_proj1_l[8]+0.1118033988749895*df_proj1_u[2]*D_proj1_u[8]-0.1118033988749895*df_proj1_l[2]*D_proj1_l[8]+0.125*D_proj1_u[3]*df_proj1_u[6]-0.125*D_proj1_l[3]*df_proj1_l[6]+0.125*df_proj1_u[3]*D_proj1_u[6]-0.125*df_proj1_l[3]*D_proj1_l[6]+0.125*D_proj1_u[1]*df_proj1_u[4]-0.125*D_proj1_l[1]*df_proj1_l[4]+0.125*df_proj1_u[1]*D_proj1_u[4]-0.125*df_proj1_l[1]*D_proj1_l[4]+0.125*D_proj1_u[0]*df_proj1_u[2]-0.125*D_proj1_l[0]*df_proj1_l[2]+0.125*df_proj1_u[0]*D_proj1_u[2]-0.125*df_proj1_l[0]*D_proj1_l[2]);
  out[3] +=  Jvyvy*((-0.2165063509461096*D_proj1_u[19]*f_proj2_u[19])+0.2165063509461096*D_proj1_l[19]*f_proj2_l[19]+0.2165063509461096*D_proj1_u[19]*df_proj1_u[19]+0.2165063509461096*D_proj1_l[19]*df_proj1_l[19]-0.2165063509461096*D_proj1_u[18]*f_proj2_u[18]+0.2165063509461096*D_proj1_l[18]*f_proj2_l[18]+0.2165063509461096*D_proj1_u[18]*df_proj1_u[18]+0.2165063509461096*D_proj1_l[18]*df_proj1_l[18]-0.2165063509461096*D_proj1_u[17]*f_proj2_u[17]+0.2165063509461096*D_proj1_l[17]*f_proj2_l[17]+0.2165063509461096*D_proj1_u[17]*df_proj1_u[17]+0.2165063509461096*D_proj1_l[17]*df_proj1_l[17]-0.2165063509461096*D_proj1_u[16]*f_proj2_u[16]+0.2165063509461096*D_proj1_l[16]*f_proj2_l[16]+0.2165063509461096*D_proj1_u[16]*df_proj1_u[16]+0.2165063509461096*D_proj1_l[16]*df_proj1_l[16]-0.2165063509461096*D_proj1_u[15]*f_proj2_u[15]+0.2165063509461096*D_proj1_l[15]*f_proj2_l[15]+0.2165063509461096*D_proj1_u[15]*df_proj1_u[15]+0.2165063509461096*D_proj1_l[15]*df_proj1_l[15]-0.2165063509461096*D_proj1_u[14]*f_proj2_u[14]+0.2165063509461096*D_proj1_l[14]*f_proj2_l[14]+0.2165063509461096*D_proj1_u[14]*df_proj1_u[14]+0.2165063509461096*D_proj1_l[14]*df_proj1_l[14]-0.2165063509461096*D_proj1_u[13]*f_proj2_u[13]+0.2165063509461096*D_proj1_l[13]*f_proj2_l[13]+0.2165063509461096*D_proj1_u[13]*df_proj1_u[13]+0.2165063509461096*D_proj1_l[13]*df_proj1_l[13]-0.2165063509461096*D_proj1_u[12]*f_proj2_u[12]+0.2165063509461096*D_proj1_l[12]*f_proj2_l[12]+0.2165063509461096*D_proj1_u[12]*df_proj1_u[12]+0.2165063509461096*D_proj1_l[12]*df_proj1_l[12]-0.2165063509461096*D_proj1_u[11]*f_proj2_u[11]+0.2165063509461096*D_proj1_l[11]*f_proj2_l[11]+0.2165063509461096*D_proj1_u[11]*df_proj1_u[11]+0.2165063509461096*D_proj1_l[11]*df_proj1_l[11]-0.2165063509461096*D_proj1_u[10]*f_proj2_u[10]+0.2165063509461096*D_proj1_l[10]*f_proj2_l[10]+0.2165063509461096*D_proj1_u[10]*df_proj1_u[10]+0.2165063509461096*D_proj1_l[10]*df_proj1_l[10]-0.2165063509461096*D_proj1_u[9]*f_proj2_u[9]+0.2165063509461096*D_proj1_l[9]*f_proj2_l[9]+0.2165063509461096*D_proj1_u[9]*df_proj1_u[9]+0.2165063509461096*D_proj1_l[9]*df_proj1_l[9]-0.2165063509461096*D_proj1_u[8]*f_proj2_u[8]+0.2165063509461096*D_proj1_l[8]*f_proj2_l[8]+0.2165063509461096*D_proj1_u[8]*df_proj1_u[8]+0.2165063509461096*D_proj1_l[8]*df_proj1_l[8]-0.2165063509461096*D_proj1_u[7]*f_proj2_u[7]+0.2165063509461096*D_proj1_l[7]*f_proj2_l[7]+0.2165063509461096*D_proj1_u[7]*df_proj1_u[7]+0.2165063509461096*D_proj1_l[7]*df_proj1_l[7]-0.2165063509461096*D_proj1_u[6]*f_proj2_u[6]+0.2165063509461096*D_proj1_l[6]*f_proj2_l[6]+0.2165063509461096*D_proj1_u[6]*df_proj1_u[6]+0.2165063509461096*D_proj1_l[6]*df_proj1_l[6]-0.2165063509461096*D_proj1_u[5]*f_proj2_u[5]+0.2165063509461096*D_proj1_l[5]*f_proj2_l[5]+0.2165063509461096*D_proj1_u[5]*df_proj1_u[5]+0.2165063509461096*D_proj1_l[5]*df_proj1_l[5]-0.2165063509461096*D_proj1_u[4]*f_proj2_u[4]+0.2165063509461096*D_proj1_l[4]*f_proj2_l[4]+0.2165063509461096*D_proj1_u[4]*df_proj1_u[4]+0.2165063509461096*D_proj1_l[4]*df_proj1_l[4]-0.2165063509461096*D_proj1_u[3]*f_proj2_u[3]+0.2165063509461096*D_proj1_l[3]*f_proj2_l[3]+0.2165063509461096*D_proj1_u[3]*df_proj1_u[3]+0.2165063509461096*D_proj1_l[3]*df_proj1_l[3]-0.2165063509461096*D_proj1_u[2]*f_proj2_u[2]+0.2165063509461096*D_proj1_l[2]*f_proj2_l[2]+0.2165063509461096*D_proj1_u[2]*df_proj1_u[2]+0.2165063509461096*D_proj1_l[2]*df_proj1_l[2]-0.2165063509461096*D_proj1_u[1]*f_proj2_u[1]+0.2165063509461096*D_proj1_l[1]*f_proj2_l[1]+0.2165063509461096*D_proj1_u[1]*df_proj1_u[1]+0.2165063509461096*D_proj1_l[1]*df_proj1_l[1]-0.2165063509461096*D_proj1_u[0]*f_proj2_u[0]+0.2165063509461096*D_proj1_l[0]*f_proj2_l[0]+0.2165063509461096*D_proj1_u[0]*df_proj1_u[0]+0.2165063509461096*D_proj1_l[0]*df_proj1_l[0]);
  out[4] +=  Jvyvy*(0.1118033988749895*D_proj1_u[10]*df_proj1_u[19]-0.1118033988749895*D_proj1_l[10]*df_proj1_l[19]+0.1118033988749895*df_proj1_u[10]*D_proj1_u[19]-0.1118033988749895*df_proj1_l[10]*D_proj1_l[19]+0.125*D_proj1_u[12]*df_proj1_u[18]-0.125*D_proj1_l[12]*df_proj1_l[18]+0.125*df_proj1_u[12]*D_proj1_u[18]-0.125*df_proj1_l[12]*D_proj1_l[18]+0.125*D_proj1_u[11]*df_proj1_u[17]-0.125*D_proj1_l[11]*df_proj1_l[17]+0.125*df_proj1_u[11]*D_proj1_u[17]-0.125*df_proj1_l[11]*D_proj1_l[17]+0.1118033988749895*D_proj1_u[6]*df_proj1_u[16]-0.1118033988749895*D_proj1_l[6]*df_proj1_l[16]+0.1118033988749895*df_proj1_u[6]*D_proj1_u[16]-0.1118033988749895*df_proj1_l[6]*D_proj1_l[16]+0.1118033988749895*D_proj1_u[5]*df_proj1_u[15]-0.1118033988749895*D_proj1_l[5]*df_proj1_l[15]+0.1118033988749895*df_proj1_u[5]*D_proj1_u[15]-0.1118033988749895*df_proj1_l[5]*D_proj1_l[15]+0.125*D_proj1_u[8]*df_proj1_u[14]-0.125*D_proj1_l[8]*df_proj1_l[14]+0.125*df_proj1_u[8]*D_proj1_u[14]-0.125*df_proj1_l[8]*D_proj1_l[14]+0.125*D_proj1_u[7]*df_proj1_u[13]-0.125*D_proj1_l[7]*df_proj1_l[13]+0.125*df_proj1_u[7]*D_proj1_u[13]-0.125*df_proj1_l[7]*D_proj1_l[13]+0.125*D_proj1_u[4]*df_proj1_u[10]-0.125*D_proj1_l[4]*df_proj1_l[10]+0.125*df_proj1_u[4]*D_proj1_u[10]-0.125*df_proj1_l[4]*D_proj1_l[10]+0.1118033988749895*D_proj1_u[3]*df_proj1_u[9]-0.1118033988749895*D_proj1_l[3]*df_proj1_l[9]+0.1118033988749895*df_proj1_u[3]*D_proj1_u[9]-0.1118033988749895*df_proj1_l[3]*D_proj1_l[9]+0.125*D_proj1_u[2]*df_proj1_u[6]-0.125*D_proj1_l[2]*df_proj1_l[6]+0.125*df_proj1_u[2]*D_proj1_u[6]-0.125*df_proj1_l[2]*D_proj1_l[6]+0.125*D_proj1_u[1]*df_proj1_u[5]-0.125*D_proj1_l[1]*df_proj1_l[5]+0.125*df_proj1_u[1]*D_proj1_u[5]-0.125*df_proj1_l[1]*D_proj1_l[5]+0.125*D_proj1_u[0]*df_proj1_u[3]-0.125*D_proj1_l[0]*df_proj1_l[3]+0.125*df_proj1_u[0]*D_proj1_u[3]-0.125*df_proj1_l[0]*D_proj1_l[3]);
  out[5] +=  Jvyvy*(0.125*D_proj1_u[9]*df_proj1_u[19]-0.125*D_proj1_l[9]*df_proj1_l[19]+0.125*df_proj1_u[9]*D_proj1_u[19]-0.125*df_proj1_l[9]*D_proj1_l[19]+0.1*D_proj1_u[17]*df_proj1_u[18]+0.1118033988749895*D_proj1_u[6]*df_proj1_u[18]-0.1*D_proj1_l[17]*df_proj1_l[18]-0.1118033988749895*D_proj1_l[6]*df_proj1_l[18]+0.1*df_proj1_u[17]*D_proj1_u[18]+0.1118033988749895*df_proj1_u[6]*D_proj1_u[18]-0.1*df_proj1_l[17]*D_proj1_l[18]-0.1118033988749895*df_proj1_l[6]*D_proj1_l[18]+0.1118033988749895*D_proj1_u[5]*df_proj1_u[17]-0.1118033988749895*D_proj1_l[5]*df_proj1_l[17]+0.1118033988749895*df_proj1_u[5]*D_proj1_u[17]-0.1118033988749895*df_proj1_l[5]*D_proj1_l[17]+0.125*D_proj1_u[15]*df_proj1_u[16]-0.125*D_proj1_l[15]*df_proj1_l[16]+0.125*df_proj1_u[15]*D_proj1_u[16]-0.125*df_proj1_l[15]*D_proj1_l[16]+0.1118033988749895*D_proj1_u[10]*df_proj1_u[14]-0.1118033988749895*D_proj1_l[10]*df_proj1_l[14]+0.1118033988749895*df_proj1_u[10]*D_proj1_u[14]-0.1118033988749895*df_proj1_l[10]*D_proj1_l[14]+0.1118033988749895*D_proj1_u[10]*df_proj1_u[13]-0.1118033988749895*D_proj1_l[10]*df_proj1_l[13]+0.1118033988749895*df_proj1_u[10]*D_proj1_u[13]-0.1118033988749895*df_proj1_l[10]*D_proj1_l[13]+0.1*D_proj1_u[11]*df_proj1_u[12]+0.1118033988749895*D_proj1_u[2]*df_proj1_u[12]-0.1*D_proj1_l[11]*df_proj1_l[12]-0.1118033988749895*D_proj1_l[2]*df_proj1_l[12]+0.1*df_proj1_u[11]*D_proj1_u[12]+0.1118033988749895*df_proj1_u[2]*D_proj1_u[12]-0.1*df_proj1_l[11]*D_proj1_l[12]-0.1118033988749895*df_proj1_l[2]*D_proj1_l[12]+0.1118033988749895*D_proj1_u[1]*df_proj1_u[11]-0.1118033988749895*D_proj1_l[1]*df_proj1_l[11]+0.1118033988749895*df_proj1_u[1]*D_proj1_u[11]-0.1118033988749895*df_proj1_l[1]*D_proj1_l[11]+0.125*D_proj1_u[3]*df_proj1_u[10]-0.125*D_proj1_l[3]*df_proj1_l[10]+0.125*df_proj1_u[3]*D_proj1_u[10]-0.125*df_proj1_l[3]*D_proj1_l[10]+0.1118033988749895*D_proj1_u[4]*df_proj1_u[8]-0.1118033988749895*D_proj1_l[4]*df_proj1_l[8]+0.1118033988749895*df_proj1_u[4]*D_proj1_u[8]-0.1118033988749895*df_proj1_l[4]*D_proj1_l[8]+0.1118033988749895*D_proj1_u[4]*df_proj1_u[7]-0.1118033988749895*D_proj1_l[4]*df_proj1_l[7]+0.1118033988749895*df_proj1_u[4]*D_proj1_u[7]-0.1118033988749895*df_proj1_l[4]*D_proj1_l[7]+0.125*D_proj1_u[5]*df_proj1_u[6]-0.125*D_proj1_l[5]*df_proj1_l[6]+0.125*df_proj1_u[5]*D_proj1_u[6]-0.125*df_proj1_l[5]*D_proj1_l[6]+0.125*D_proj1_u[0]*df_proj1_u[4]-0.125*D_proj1_l[0]*df_proj1_l[4]+0.125*df_proj1_u[0]*D_proj1_u[4]-0.125*df_proj1_l[0]*D_proj1_l[4]+0.125*D_proj1_u[1]*df_proj1_u[2]-0.125*D_proj1_l[1]*df_proj1_l[2]+0.125*df_proj1_u[1]*D_proj1_u[2]-0.125*df_proj1_l[1]*D_proj1_l[2]);
  out[6] +=  Jvyvy*((-0.2165063509461097*D_proj1_u[16]*f_proj2_u[19])+0.2165063509461097*D_proj1_l[16]*f_proj2_l[19]+0.2165063509461097*D_proj1_u[16]*df_proj1_u[19]+0.2165063509461097*D_proj1_l[16]*df_proj1_l[19]-0.2165063509461097*f_proj2_u[16]*D_proj1_u[19]+0.2165063509461097*df_proj1_u[16]*D_proj1_u[19]+0.2165063509461097*f_proj2_l[16]*D_proj1_l[19]+0.2165063509461097*df_proj1_l[16]*D_proj1_l[19]-0.2165063509461097*D_proj1_u[14]*f_proj2_u[18]+0.2165063509461097*D_proj1_l[14]*f_proj2_l[18]+0.2165063509461097*D_proj1_u[14]*df_proj1_u[18]+0.2165063509461097*D_proj1_l[14]*df_proj1_l[18]-0.2165063509461097*f_proj2_u[14]*D_proj1_u[18]+0.2165063509461097*df_proj1_u[14]*D_proj1_u[18]+0.2165063509461097*f_proj2_l[14]*D_proj1_l[18]+0.2165063509461097*df_proj1_l[14]*D_proj1_l[18]-0.1936491673103708*D_proj1_u[10]*f_proj2_u[17]+0.1936491673103708*D_proj1_l[10]*f_proj2_l[17]+0.1936491673103708*D_proj1_u[10]*df_proj1_u[17]+0.1936491673103708*D_proj1_l[10]*df_proj1_l[17]-0.1936491673103708*f_proj2_u[10]*D_proj1_u[17]+0.1936491673103708*df_proj1_u[10]*D_proj1_u[17]+0.1936491673103708*f_proj2_l[10]*D_proj1_l[17]+0.1936491673103708*df_proj1_l[10]*D_proj1_l[17]-0.2165063509461097*D_proj1_u[9]*f_proj2_u[15]+0.2165063509461097*D_proj1_l[9]*f_proj2_l[15]+0.2165063509461097*D_proj1_u[9]*df_proj1_u[15]+0.2165063509461097*D_proj1_l[9]*df_proj1_l[15]-0.2165063509461097*f_proj2_u[9]*D_proj1_u[15]+0.2165063509461097*df_proj1_u[9]*D_proj1_u[15]+0.2165063509461097*f_proj2_l[9]*D_proj1_l[15]+0.2165063509461097*df_proj1_l[9]*D_proj1_l[15]-0.1936491673103709*D_proj1_u[5]*f_proj2_u[13]+0.1936491673103709*D_proj1_l[5]*f_proj2_l[13]+0.1936491673103709*D_proj1_u[5]*df_proj1_u[13]+0.1936491673103709*D_proj1_l[5]*df_proj1_l[13]-0.1936491673103709*f_proj2_u[5]*D_proj1_u[13]+0.1936491673103709*df_proj1_u[5]*D_proj1_u[13]+0.1936491673103709*f_proj2_l[5]*D_proj1_l[13]+0.1936491673103709*df_proj1_l[5]*D_proj1_l[13]-0.2165063509461097*D_proj1_u[8]*f_proj2_u[12]+0.2165063509461097*D_proj1_l[8]*f_proj2_l[12]+0.2165063509461097*D_proj1_u[8]*df_proj1_u[12]+0.2165063509461097*D_proj1_l[8]*df_proj1_l[12]-0.2165063509461097*f_proj2_u[8]*D_proj1_u[12]+0.2165063509461097*df_proj1_u[8]*D_proj1_u[12]+0.2165063509461097*f_proj2_l[8]*D_proj1_l[12]+0.2165063509461097*df_proj1_l[8]*D_proj1_l[12]-0.1936491673103709*D_proj1_u[4]*f_proj2_u[11]+0.1936491673103709*D_proj1_l[4]*f_proj2_l[11]+0.1936491673103709*D_proj1_u[4]*df_proj1_u[11]+0.1936491673103709*D_proj1_l[4]*df_proj1_l[11]-0.1936491673103709*f_proj2_u[4]*D_proj1_u[11]+0.1936491673103709*df_proj1_u[4]*D_proj1_u[11]+0.1936491673103709*f_proj2_l[4]*D_proj1_l[11]+0.1936491673103709*df_proj1_l[4]*D_proj1_l[11]-0.2165063509461096*D_proj1_u[6]*f_proj2_u[10]+0.2165063509461096*D_proj1_l[6]*f_proj2_l[10]+0.2165063509461096*D_proj1_u[6]*df_proj1_u[10]+0.2165063509461096*D_proj1_l[6]*df_proj1_l[10]-0.2165063509461096*f_proj2_u[6]*D_proj1_u[10]+0.2165063509461096*df_proj1_u[6]*D_proj1_u[10]+0.2165063509461096*f_proj2_l[6]*D_proj1_l[10]+0.2165063509461096*df_proj1_l[6]*D_proj1_l[10]-0.1936491673103708*D_proj1_u[1]*f_proj2_u[7]+0.1936491673103708*D_proj1_l[1]*f_proj2_l[7]+0.1936491673103708*D_proj1_u[1]*df_proj1_u[7]+0.1936491673103708*D_proj1_l[1]*df_proj1_l[7]-0.1936491673103708*f_proj2_u[1]*D_proj1_u[7]+0.1936491673103708*df_proj1_u[1]*D_proj1_u[7]+0.1936491673103708*f_proj2_l[1]*D_proj1_l[7]+0.1936491673103708*df_proj1_l[1]*D_proj1_l[7]-0.2165063509461096*D_proj1_u[3]*f_proj2_u[5]+0.2165063509461096*D_proj1_l[3]*f_proj2_l[5]+0.2165063509461096*D_proj1_u[3]*df_proj1_u[5]+0.2165063509461096*D_proj1_l[3]*df_proj1_l[5]-0.2165063509461096*f_proj2_u[3]*D_proj1_u[5]+0.2165063509461096*df_proj1_u[3]*D_proj1_u[5]+0.2165063509461096*f_proj2_l[3]*D_proj1_l[5]+0.2165063509461096*df_proj1_l[3]*D_proj1_l[5]-0.2165063509461096*D_proj1_u[2]*f_proj2_u[4]+0.2165063509461096*D_proj1_l[2]*f_proj2_l[4]+0.2165063509461096*D_proj1_u[2]*df_proj1_u[4]+0.2165063509461096*D_proj1_l[2]*df_proj1_l[4]-0.2165063509461096*f_proj2_u[2]*D_proj1_u[4]+0.2165063509461096*df_proj1_u[2]*D_proj1_u[4]+0.2165063509461096*f_proj2_l[2]*D_proj1_l[4]+0.2165063509461096*df_proj1_l[2]*D_proj1_l[4]-0.2165063509461096*D_proj1_u[0]*f_proj2_u[1]+0.2165063509461096*D_proj1_l[0]*f_proj2_l[1]+0.2165063509461096*D_proj1_u[0]*df_proj1_u[1]+0.2165063509461096*D_proj1_l[0]*df_proj1_l[1]-0.2165063509461096*f_proj2_u[0]*D_proj1_u[1]+0.2165063509461096*df_proj1_u[0]*D_proj1_u[1]+0.2165063509461096*f_proj2_l[0]*D_proj1_l[1]+0.2165063509461096*df_proj1_l[0]*D_proj1_l[1]);
  out[7] +=  Jvyvy*((-0.2165063509461097*D_proj1_u[15]*f_proj2_u[19])+0.2165063509461097*D_proj1_l[15]*f_proj2_l[19]+0.2165063509461097*D_proj1_u[15]*df_proj1_u[19]+0.2165063509461097*D_proj1_l[15]*df_proj1_l[19]-0.2165063509461097*f_proj2_u[15]*D_proj1_u[19]+0.2165063509461097*df_proj1_u[15]*D_proj1_u[19]+0.2165063509461097*f_proj2_l[15]*D_proj1_l[19]+0.2165063509461097*df_proj1_l[15]*D_proj1_l[19]-0.1936491673103708*D_proj1_u[10]*f_proj2_u[18]+0.1936491673103708*D_proj1_l[10]*f_proj2_l[18]+0.1936491673103708*D_proj1_u[10]*df_proj1_u[18]+0.1936491673103708*D_proj1_l[10]*df_proj1_l[18]-0.1936491673103708*f_proj2_u[10]*D_proj1_u[18]+0.1936491673103708*df_proj1_u[10]*D_proj1_u[18]+0.1936491673103708*f_proj2_l[10]*D_proj1_l[18]+0.1936491673103708*df_proj1_l[10]*D_proj1_l[18]-0.2165063509461097*D_proj1_u[13]*f_proj2_u[17]+0.2165063509461097*D_proj1_l[13]*f_proj2_l[17]+0.2165063509461097*D_proj1_u[13]*df_proj1_u[17]+0.2165063509461097*D_proj1_l[13]*df_proj1_l[17]-0.2165063509461097*f_proj2_u[13]*D_proj1_u[17]+0.2165063509461097*df_proj1_u[13]*D_proj1_u[17]+0.2165063509461097*f_proj2_l[13]*D_proj1_l[17]+0.2165063509461097*df_proj1_l[13]*D_proj1_l[17]-0.2165063509461097*D_proj1_u[9]*f_proj2_u[16]+0.2165063509461097*D_proj1_l[9]*f_proj2_l[16]+0.2165063509461097*D_proj1_u[9]*df_proj1_u[16]+0.2165063509461097*D_proj1_l[9]*df_proj1_l[16]-0.2165063509461097*f_proj2_u[9]*D_proj1_u[16]+0.2165063509461097*df_proj1_u[9]*D_proj1_u[16]+0.2165063509461097*f_proj2_l[9]*D_proj1_l[16]+0.2165063509461097*df_proj1_l[9]*D_proj1_l[16]-0.1936491673103709*D_proj1_u[6]*f_proj2_u[14]+0.1936491673103709*D_proj1_l[6]*f_proj2_l[14]+0.1936491673103709*D_proj1_u[6]*df_proj1_u[14]+0.1936491673103709*D_proj1_l[6]*df_proj1_l[14]-0.1936491673103709*f_proj2_u[6]*D_proj1_u[14]+0.1936491673103709*df_proj1_u[6]*D_proj1_u[14]+0.1936491673103709*f_proj2_l[6]*D_proj1_l[14]+0.1936491673103709*df_proj1_l[6]*D_proj1_l[14]-0.1936491673103709*D_proj1_u[4]*f_proj2_u[12]+0.1936491673103709*D_proj1_l[4]*f_proj2_l[12]+0.1936491673103709*D_proj1_u[4]*df_proj1_u[12]+0.1936491673103709*D_proj1_l[4]*df_proj1_l[12]-0.1936491673103709*f_proj2_u[4]*D_proj1_u[12]+0.1936491673103709*df_proj1_u[4]*D_proj1_u[12]+0.1936491673103709*f_proj2_l[4]*D_proj1_l[12]+0.1936491673103709*df_proj1_l[4]*D_proj1_l[12]-0.2165063509461097*D_proj1_u[7]*f_proj2_u[11]+0.2165063509461097*D_proj1_l[7]*f_proj2_l[11]+0.2165063509461097*D_proj1_u[7]*df_proj1_u[11]+0.2165063509461097*D_proj1_l[7]*df_proj1_l[11]-0.2165063509461097*f_proj2_u[7]*D_proj1_u[11]+0.2165063509461097*df_proj1_u[7]*D_proj1_u[11]+0.2165063509461097*f_proj2_l[7]*D_proj1_l[11]+0.2165063509461097*df_proj1_l[7]*D_proj1_l[11]-0.2165063509461096*D_proj1_u[5]*f_proj2_u[10]+0.2165063509461096*D_proj1_l[5]*f_proj2_l[10]+0.2165063509461096*D_proj1_u[5]*df_proj1_u[10]+0.2165063509461096*D_proj1_l[5]*df_proj1_l[10]-0.2165063509461096*f_proj2_u[5]*D_proj1_u[10]+0.2165063509461096*df_proj1_u[5]*D_proj1_u[10]+0.2165063509461096*f_proj2_l[5]*D_proj1_l[10]+0.2165063509461096*df_proj1_l[5]*D_proj1_l[10]-0.1936491673103708*D_proj1_u[2]*f_proj2_u[8]+0.1936491673103708*D_proj1_l[2]*f_proj2_l[8]+0.1936491673103708*D_proj1_u[2]*df_proj1_u[8]+0.1936491673103708*D_proj1_l[2]*df_proj1_l[8]-0.1936491673103708*f_proj2_u[2]*D_proj1_u[8]+0.1936491673103708*df_proj1_u[2]*D_proj1_u[8]+0.1936491673103708*f_proj2_l[2]*D_proj1_l[8]+0.1936491673103708*df_proj1_l[2]*D_proj1_l[8]-0.2165063509461096*D_proj1_u[3]*f_proj2_u[6]+0.2165063509461096*D_proj1_l[3]*f_proj2_l[6]+0.2165063509461096*D_proj1_u[3]*df_proj1_u[6]+0.2165063509461096*D_proj1_l[3]*df_proj1_l[6]-0.2165063509461096*f_proj2_u[3]*D_proj1_u[6]+0.2165063509461096*df_proj1_u[3]*D_proj1_u[6]+0.2165063509461096*f_proj2_l[3]*D_proj1_l[6]+0.2165063509461096*df_proj1_l[3]*D_proj1_l[6]-0.2165063509461096*D_proj1_u[1]*f_proj2_u[4]+0.2165063509461096*D_proj1_l[1]*f_proj2_l[4]+0.2165063509461096*D_proj1_u[1]*df_proj1_u[4]+0.2165063509461096*D_proj1_l[1]*df_proj1_l[4]-0.2165063509461096*f_proj2_u[1]*D_proj1_u[4]+0.2165063509461096*df_proj1_u[1]*D_proj1_u[4]+0.2165063509461096*f_proj2_l[1]*D_proj1_l[4]+0.2165063509461096*df_proj1_l[1]*D_proj1_l[4]-0.2165063509461096*D_proj1_u[0]*f_proj2_u[2]+0.2165063509461096*D_proj1_l[0]*f_proj2_l[2]+0.2165063509461096*D_proj1_u[0]*df_proj1_u[2]+0.2165063509461096*D_proj1_l[0]*df_proj1_l[2]-0.2165063509461096*f_proj2_u[0]*D_proj1_u[2]+0.2165063509461096*df_proj1_u[0]*D_proj1_u[2]+0.2165063509461096*f_proj2_l[0]*D_proj1_l[2]+0.2165063509461096*df_proj1_l[0]*D_proj1_l[2]);
