#include <gkyl_fpo_vlasov_kernels.h>

GKYL_CU_DH void
fpo_vlasov_diff_surfvyvy_1x3v_ser_p2(const double* w, const double* dx,
  const double* D[], const double* f[], double* GKYL_RESTRICT out) 
{
  // w[NDIM]: Cell-center coordinates
  // dxv[NDIM]: Cell spacing
  // D: 
  // f: 
  // out: Incremented output

  const double Jvyvy = 4/dx[2]/dx[2];

  const double* Dlll = D[0] + 144;
  const double* flll = f[0];
  const double* Dllc = D[1] + 144;
  const double* fllc = f[1];
  const double* Dllu = D[2] + 144;
  const double* fllu = f[2];
  const double* Dlcl = D[3] + 144;
  const double* flcl = f[3];
  const double* Dlcc = D[4] + 144;
  const double* flcc = f[4];
  const double* Dlcu = D[5] + 144;
  const double* flcu = f[5];
  const double* Dlul = D[6] + 144;
  const double* flul = f[6];
  const double* Dluc = D[7] + 144;
  const double* fluc = f[7];
  const double* Dluu = D[8] + 144;
  const double* fluu = f[8];
  const double* Dcll = D[9] + 144;
  const double* fcll = f[9];
  const double* Dclc = D[10] + 144;
  const double* fclc = f[10];
  const double* Dclu = D[11] + 144;
  const double* fclu = f[11];
  const double* Dccl = D[12] + 144;
  const double* fccl = f[12];
  const double* Dccc = D[13] + 144;
  const double* fccc = f[13];
  const double* Dccu = D[14] + 144;
  const double* fccu = f[14];
  const double* Dcul = D[15] + 144;
  const double* fcul = f[15];
  const double* Dcuc = D[16] + 144;
  const double* fcuc = f[16];
  const double* Dcuu = D[17] + 144;
  const double* fcuu = f[17];
  const double* Dull = D[18] + 144;
  const double* full = f[18];
  const double* Dulc = D[19] + 144;
  const double* fulc = f[19];
  const double* Dulu = D[20] + 144;
  const double* fulu = f[20];
  const double* Ducl = D[21] + 144;
  const double* fucl = f[21];
  const double* Ducc = D[22] + 144;
  const double* fucc = f[22];
  const double* Ducu = D[23] + 144;
  const double* fucu = f[23];
  const double* Duul = D[24] + 144;
  const double* fuul = f[24];
  const double* Duuc = D[25] + 144;
  const double* fuuc = f[25];
  const double* Duuu = D[26] + 144;
  const double* fuuu = f[26];

  double D_proj1_l[20];
  D_proj1_l[0] = 0.3458741190809163*Dclc[13]+0.3458741190809163*Dccc[13]+0.4975526040028326*Dclc[3]-0.4975526040028326*Dccc[3]+0.3535533905932737*Dclc[0]+0.3535533905932737*Dccc[0];
  D_proj1_l[1] = 0.3458741190809163*Dclc[23]+0.3458741190809163*Dccc[23]+0.4975526040028326*Dclc[6]-0.4975526040028326*Dccc[6]+0.3535533905932737*Dclc[1]+0.3535533905932737*Dccc[1];
  D_proj1_l[2] = 0.3458741190809163*Dclc[24]+0.3458741190809163*Dccc[24]+0.4975526040028326*Dclc[7]-0.4975526040028326*Dccc[7]+0.3535533905932737*Dclc[2]+0.3535533905932737*Dccc[2];
  D_proj1_l[3] = 0.3458741190809163*Dclc[27]+0.3458741190809163*Dccc[27]+0.4975526040028326*Dclc[10]-0.4975526040028326*Dccc[10]+0.3535533905932737*Dclc[4]+0.3535533905932737*Dccc[4];
  D_proj1_l[4] = 0.3458741190809163*Dclc[34]+0.3458741190809163*Dccc[34]+0.4975526040028326*Dclc[15]-0.4975526040028326*Dccc[15]+0.3535533905932737*Dclc[5]+0.3535533905932737*Dccc[5];
  D_proj1_l[5] = 0.3458741190809163*Dclc[39]+0.3458741190809163*Dccc[39]+0.4975526040028326*Dclc[17]-0.4975526040028326*Dccc[17]+0.3535533905932737*Dclc[8]+0.3535533905932737*Dccc[8];
  D_proj1_l[6] = 0.3458741190809163*Dclc[40]+0.3458741190809163*Dccc[40]+0.4975526040028326*Dclc[18]-0.4975526040028326*Dccc[18]+0.3535533905932737*Dclc[9]+0.3535533905932737*Dccc[9];
  D_proj1_l[7] = 0.4975526040028326*Dclc[21]-0.4975526040028326*Dccc[21]+0.3535533905932737*Dclc[11]+0.3535533905932737*Dccc[11];
  D_proj1_l[8] = 0.4975526040028326*Dclc[22]-0.4975526040028326*Dccc[22]+0.3535533905932737*Dclc[12]+0.3535533905932737*Dccc[12];
  D_proj1_l[9] = 0.4975526040028326*Dclc[30]-0.4975526040028326*Dccc[30]+0.3535533905932737*Dclc[14]+0.3535533905932737*Dccc[14];
  D_proj1_l[10] = 0.3458741190809163*Dclc[46]+0.3458741190809163*Dccc[46]+0.4975526040028326*Dclc[31]-0.4975526040028326*Dccc[31]+0.3535533905932737*Dclc[16]+0.3535533905932737*Dccc[16];
  D_proj1_l[11] = 0.4975526040028326*Dclc[32]-0.4975526040028326*Dccc[32]+0.3535533905932737*Dclc[19]+0.3535533905932737*Dccc[19];
  D_proj1_l[12] = 0.4975526040028326*Dclc[33]-0.4975526040028326*Dccc[33]+0.3535533905932737*Dclc[20]+0.3535533905932737*Dccc[20];
  D_proj1_l[13] = 0.4975526040028326*Dclc[37]-0.4975526040028326*Dccc[37]+0.3535533905932737*Dclc[25]+0.3535533905932737*Dccc[25];
  D_proj1_l[14] = 0.4975526040028326*Dclc[38]-0.4975526040028326*Dccc[38]+0.3535533905932737*Dclc[26]+0.3535533905932737*Dccc[26];
  D_proj1_l[15] = 0.4975526040028326*Dclc[42]-0.4975526040028326*Dccc[42]+0.3535533905932737*Dclc[28]+0.3535533905932737*Dccc[28];
  D_proj1_l[16] = 0.4975526040028326*Dclc[43]-0.4975526040028326*Dccc[43]+0.3535533905932737*Dclc[29]+0.3535533905932737*Dccc[29];
  D_proj1_l[17] = 0.4975526040028326*Dclc[44]-0.4975526040028326*Dccc[44]+0.3535533905932737*Dclc[35]+0.3535533905932737*Dccc[35];
  D_proj1_l[18] = 0.4975526040028326*Dclc[45]-0.4975526040028326*Dccc[45]+0.3535533905932737*Dclc[36]+0.3535533905932737*Dccc[36];
  D_proj1_l[19] = 0.4975526040028326*Dclc[47]-0.4975526040028326*Dccc[47]+0.3535533905932737*Dclc[41]+0.3535533905932737*Dccc[41];

  double D_proj1_u[20];
  D_proj1_u[0] = 0.3458741190809163*Dcuc[13]+0.3458741190809163*Dccc[13]-0.4975526040028326*Dcuc[3]+0.4975526040028326*Dccc[3]+0.3535533905932737*Dcuc[0]+0.3535533905932737*Dccc[0];
  D_proj1_u[1] = 0.3458741190809163*Dcuc[23]+0.3458741190809163*Dccc[23]-0.4975526040028326*Dcuc[6]+0.4975526040028326*Dccc[6]+0.3535533905932737*Dcuc[1]+0.3535533905932737*Dccc[1];
  D_proj1_u[2] = 0.3458741190809163*Dcuc[24]+0.3458741190809163*Dccc[24]-0.4975526040028326*Dcuc[7]+0.4975526040028326*Dccc[7]+0.3535533905932737*Dcuc[2]+0.3535533905932737*Dccc[2];
  D_proj1_u[3] = 0.3458741190809163*Dcuc[27]+0.3458741190809163*Dccc[27]-0.4975526040028326*Dcuc[10]+0.4975526040028326*Dccc[10]+0.3535533905932737*Dcuc[4]+0.3535533905932737*Dccc[4];
  D_proj1_u[4] = 0.3458741190809163*Dcuc[34]+0.3458741190809163*Dccc[34]-0.4975526040028326*Dcuc[15]+0.4975526040028326*Dccc[15]+0.3535533905932737*Dcuc[5]+0.3535533905932737*Dccc[5];
  D_proj1_u[5] = 0.3458741190809163*Dcuc[39]+0.3458741190809163*Dccc[39]-0.4975526040028326*Dcuc[17]+0.4975526040028326*Dccc[17]+0.3535533905932737*Dcuc[8]+0.3535533905932737*Dccc[8];
  D_proj1_u[6] = 0.3458741190809163*Dcuc[40]+0.3458741190809163*Dccc[40]-0.4975526040028326*Dcuc[18]+0.4975526040028326*Dccc[18]+0.3535533905932737*Dcuc[9]+0.3535533905932737*Dccc[9];
  D_proj1_u[7] = (-0.4975526040028326*Dcuc[21])+0.4975526040028326*Dccc[21]+0.3535533905932737*Dcuc[11]+0.3535533905932737*Dccc[11];
  D_proj1_u[8] = (-0.4975526040028326*Dcuc[22])+0.4975526040028326*Dccc[22]+0.3535533905932737*Dcuc[12]+0.3535533905932737*Dccc[12];
  D_proj1_u[9] = (-0.4975526040028326*Dcuc[30])+0.4975526040028326*Dccc[30]+0.3535533905932737*Dcuc[14]+0.3535533905932737*Dccc[14];
  D_proj1_u[10] = 0.3458741190809163*Dcuc[46]+0.3458741190809163*Dccc[46]-0.4975526040028326*Dcuc[31]+0.4975526040028326*Dccc[31]+0.3535533905932737*Dcuc[16]+0.3535533905932737*Dccc[16];
  D_proj1_u[11] = (-0.4975526040028326*Dcuc[32])+0.4975526040028326*Dccc[32]+0.3535533905932737*Dcuc[19]+0.3535533905932737*Dccc[19];
  D_proj1_u[12] = (-0.4975526040028326*Dcuc[33])+0.4975526040028326*Dccc[33]+0.3535533905932737*Dcuc[20]+0.3535533905932737*Dccc[20];
  D_proj1_u[13] = (-0.4975526040028326*Dcuc[37])+0.4975526040028326*Dccc[37]+0.3535533905932737*Dcuc[25]+0.3535533905932737*Dccc[25];
  D_proj1_u[14] = (-0.4975526040028326*Dcuc[38])+0.4975526040028326*Dccc[38]+0.3535533905932737*Dcuc[26]+0.3535533905932737*Dccc[26];
  D_proj1_u[15] = (-0.4975526040028326*Dcuc[42])+0.4975526040028326*Dccc[42]+0.3535533905932737*Dcuc[28]+0.3535533905932737*Dccc[28];
  D_proj1_u[16] = (-0.4975526040028326*Dcuc[43])+0.4975526040028326*Dccc[43]+0.3535533905932737*Dcuc[29]+0.3535533905932737*Dccc[29];
  D_proj1_u[17] = (-0.4975526040028326*Dcuc[44])+0.4975526040028326*Dccc[44]+0.3535533905932737*Dcuc[35]+0.3535533905932737*Dccc[35];
  D_proj1_u[18] = (-0.4975526040028326*Dcuc[45])+0.4975526040028326*Dccc[45]+0.3535533905932737*Dcuc[36]+0.3535533905932737*Dccc[36];
  D_proj1_u[19] = (-0.4975526040028326*Dcuc[47])+0.4975526040028326*Dccc[47]+0.3535533905932737*Dcuc[41]+0.3535533905932737*Dccc[41];

  double df_proj1_l[20];
  df_proj1_l[0] = (-0.9486832980505137*fclc[13])+0.9486832980505137*fccc[13]-1.684024198163434*fclc[3]-1.684024198163434*fccc[3]-1.325825214724776*fclc[0]+1.325825214724776*fccc[0];
  df_proj1_l[1] = (-0.9486832980505138*fclc[23])+0.9486832980505138*fccc[23]-1.684024198163434*fclc[6]-1.684024198163434*fccc[6]-1.325825214724776*fclc[1]+1.325825214724776*fccc[1];
  df_proj1_l[2] = (-0.9486832980505138*fclc[24])+0.9486832980505138*fccc[24]-1.684024198163434*fclc[7]-1.684024198163434*fccc[7]-1.325825214724776*fclc[2]+1.325825214724776*fccc[2];
  df_proj1_l[3] = (-0.9486832980505138*fclc[27])+0.9486832980505138*fccc[27]-1.684024198163434*fclc[10]-1.684024198163434*fccc[10]-1.325825214724776*fclc[4]+1.325825214724776*fccc[4];
  df_proj1_l[4] = (-0.9486832980505137*fclc[34])+0.9486832980505137*fccc[34]-1.684024198163434*fclc[15]-1.684024198163434*fccc[15]-1.325825214724776*fclc[5]+1.325825214724776*fccc[5];
  df_proj1_l[5] = (-0.9486832980505137*fclc[39])+0.9486832980505137*fccc[39]-1.684024198163434*fclc[17]-1.684024198163434*fccc[17]-1.325825214724776*fclc[8]+1.325825214724776*fccc[8];
  df_proj1_l[6] = (-0.9486832980505137*fclc[40])+0.9486832980505137*fccc[40]-1.684024198163434*fclc[18]-1.684024198163434*fccc[18]-1.325825214724776*fclc[9]+1.325825214724776*fccc[9];
  df_proj1_l[7] = (-1.684024198163434*fclc[21])-1.684024198163434*fccc[21]-1.325825214724776*fclc[11]+1.325825214724776*fccc[11];
  df_proj1_l[8] = (-1.684024198163434*fclc[22])-1.684024198163434*fccc[22]-1.325825214724776*fclc[12]+1.325825214724776*fccc[12];
  df_proj1_l[9] = (-1.684024198163434*fclc[30])-1.684024198163434*fccc[30]-1.325825214724776*fclc[14]+1.325825214724776*fccc[14];
  df_proj1_l[10] = (-0.9486832980505138*fclc[46])+0.9486832980505138*fccc[46]-1.684024198163434*fclc[31]-1.684024198163434*fccc[31]-1.325825214724776*fclc[16]+1.325825214724776*fccc[16];
  df_proj1_l[11] = (-1.684024198163434*fclc[32])-1.684024198163434*fccc[32]-1.325825214724776*fclc[19]+1.325825214724776*fccc[19];
  df_proj1_l[12] = (-1.684024198163434*fclc[33])-1.684024198163434*fccc[33]-1.325825214724776*fclc[20]+1.325825214724776*fccc[20];
  df_proj1_l[13] = (-1.684024198163434*fclc[37])-1.684024198163434*fccc[37]-1.325825214724776*fclc[25]+1.325825214724776*fccc[25];
  df_proj1_l[14] = (-1.684024198163434*fclc[38])-1.684024198163434*fccc[38]-1.325825214724776*fclc[26]+1.325825214724776*fccc[26];
  df_proj1_l[15] = (-1.684024198163434*fclc[42])-1.684024198163434*fccc[42]-1.325825214724776*fclc[28]+1.325825214724776*fccc[28];
  df_proj1_l[16] = (-1.684024198163434*fclc[43])-1.684024198163434*fccc[43]-1.325825214724776*fclc[29]+1.325825214724776*fccc[29];
  df_proj1_l[17] = (-1.684024198163434*fclc[44])-1.684024198163434*fccc[44]-1.325825214724776*fclc[35]+1.325825214724776*fccc[35];
  df_proj1_l[18] = (-1.684024198163434*fclc[45])-1.684024198163434*fccc[45]-1.325825214724776*fclc[36]+1.325825214724776*fccc[36];
  df_proj1_l[19] = (-1.684024198163434*fclc[47])-1.684024198163434*fccc[47]-1.325825214724776*fclc[41]+1.325825214724776*fccc[41];

  double df_proj1_u[20];
  df_proj1_u[0] = 0.9486832980505137*fcuc[13]-0.9486832980505137*fccc[13]-1.684024198163434*fcuc[3]-1.684024198163434*fccc[3]+1.325825214724776*fcuc[0]-1.325825214724776*fccc[0];
  df_proj1_u[1] = 0.9486832980505138*fcuc[23]-0.9486832980505138*fccc[23]-1.684024198163434*fcuc[6]-1.684024198163434*fccc[6]+1.325825214724776*fcuc[1]-1.325825214724776*fccc[1];
  df_proj1_u[2] = 0.9486832980505138*fcuc[24]-0.9486832980505138*fccc[24]-1.684024198163434*fcuc[7]-1.684024198163434*fccc[7]+1.325825214724776*fcuc[2]-1.325825214724776*fccc[2];
  df_proj1_u[3] = 0.9486832980505138*fcuc[27]-0.9486832980505138*fccc[27]-1.684024198163434*fcuc[10]-1.684024198163434*fccc[10]+1.325825214724776*fcuc[4]-1.325825214724776*fccc[4];
  df_proj1_u[4] = 0.9486832980505137*fcuc[34]-0.9486832980505137*fccc[34]-1.684024198163434*fcuc[15]-1.684024198163434*fccc[15]+1.325825214724776*fcuc[5]-1.325825214724776*fccc[5];
  df_proj1_u[5] = 0.9486832980505137*fcuc[39]-0.9486832980505137*fccc[39]-1.684024198163434*fcuc[17]-1.684024198163434*fccc[17]+1.325825214724776*fcuc[8]-1.325825214724776*fccc[8];
  df_proj1_u[6] = 0.9486832980505137*fcuc[40]-0.9486832980505137*fccc[40]-1.684024198163434*fcuc[18]-1.684024198163434*fccc[18]+1.325825214724776*fcuc[9]-1.325825214724776*fccc[9];
  df_proj1_u[7] = (-1.684024198163434*fcuc[21])-1.684024198163434*fccc[21]+1.325825214724776*fcuc[11]-1.325825214724776*fccc[11];
  df_proj1_u[8] = (-1.684024198163434*fcuc[22])-1.684024198163434*fccc[22]+1.325825214724776*fcuc[12]-1.325825214724776*fccc[12];
  df_proj1_u[9] = (-1.684024198163434*fcuc[30])-1.684024198163434*fccc[30]+1.325825214724776*fcuc[14]-1.325825214724776*fccc[14];
  df_proj1_u[10] = 0.9486832980505138*fcuc[46]-0.9486832980505138*fccc[46]-1.684024198163434*fcuc[31]-1.684024198163434*fccc[31]+1.325825214724776*fcuc[16]-1.325825214724776*fccc[16];
  df_proj1_u[11] = (-1.684024198163434*fcuc[32])-1.684024198163434*fccc[32]+1.325825214724776*fcuc[19]-1.325825214724776*fccc[19];
  df_proj1_u[12] = (-1.684024198163434*fcuc[33])-1.684024198163434*fccc[33]+1.325825214724776*fcuc[20]-1.325825214724776*fccc[20];
  df_proj1_u[13] = (-1.684024198163434*fcuc[37])-1.684024198163434*fccc[37]+1.325825214724776*fcuc[25]-1.325825214724776*fccc[25];
  df_proj1_u[14] = (-1.684024198163434*fcuc[38])-1.684024198163434*fccc[38]+1.325825214724776*fcuc[26]-1.325825214724776*fccc[26];
  df_proj1_u[15] = (-1.684024198163434*fcuc[42])-1.684024198163434*fccc[42]+1.325825214724776*fcuc[28]-1.325825214724776*fccc[28];
  df_proj1_u[16] = (-1.684024198163434*fcuc[43])-1.684024198163434*fccc[43]+1.325825214724776*fcuc[29]-1.325825214724776*fccc[29];
  df_proj1_u[17] = (-1.684024198163434*fcuc[44])-1.684024198163434*fccc[44]+1.325825214724776*fcuc[35]-1.325825214724776*fccc[35];
  df_proj1_u[18] = (-1.684024198163434*fcuc[45])-1.684024198163434*fccc[45]+1.325825214724776*fcuc[36]-1.325825214724776*fccc[36];
  df_proj1_u[19] = (-1.684024198163434*fcuc[47])-1.684024198163434*fccc[47]+1.325825214724776*fcuc[41]-1.325825214724776*fccc[41];

  double f_proj2_l[20];
  f_proj2_l[0] = 0.3458741190809163*fclc[13]+0.3458741190809163*fccc[13]+0.4975526040028326*fclc[3]-0.4975526040028326*fccc[3]+0.3535533905932737*fclc[0]+0.3535533905932737*fccc[0];
  f_proj2_l[1] = 0.3458741190809163*fclc[23]+0.3458741190809163*fccc[23]+0.4975526040028326*fclc[6]-0.4975526040028326*fccc[6]+0.3535533905932737*fclc[1]+0.3535533905932737*fccc[1];
  f_proj2_l[2] = 0.3458741190809163*fclc[24]+0.3458741190809163*fccc[24]+0.4975526040028326*fclc[7]-0.4975526040028326*fccc[7]+0.3535533905932737*fclc[2]+0.3535533905932737*fccc[2];
  f_proj2_l[3] = 0.3458741190809163*fclc[27]+0.3458741190809163*fccc[27]+0.4975526040028326*fclc[10]-0.4975526040028326*fccc[10]+0.3535533905932737*fclc[4]+0.3535533905932737*fccc[4];
  f_proj2_l[4] = 0.3458741190809163*fclc[34]+0.3458741190809163*fccc[34]+0.4975526040028326*fclc[15]-0.4975526040028326*fccc[15]+0.3535533905932737*fclc[5]+0.3535533905932737*fccc[5];
  f_proj2_l[5] = 0.3458741190809163*fclc[39]+0.3458741190809163*fccc[39]+0.4975526040028326*fclc[17]-0.4975526040028326*fccc[17]+0.3535533905932737*fclc[8]+0.3535533905932737*fccc[8];
  f_proj2_l[6] = 0.3458741190809163*fclc[40]+0.3458741190809163*fccc[40]+0.4975526040028326*fclc[18]-0.4975526040028326*fccc[18]+0.3535533905932737*fclc[9]+0.3535533905932737*fccc[9];
  f_proj2_l[7] = 0.4975526040028326*fclc[21]-0.4975526040028326*fccc[21]+0.3535533905932737*fclc[11]+0.3535533905932737*fccc[11];
  f_proj2_l[8] = 0.4975526040028326*fclc[22]-0.4975526040028326*fccc[22]+0.3535533905932737*fclc[12]+0.3535533905932737*fccc[12];
  f_proj2_l[9] = 0.4975526040028326*fclc[30]-0.4975526040028326*fccc[30]+0.3535533905932737*fclc[14]+0.3535533905932737*fccc[14];
  f_proj2_l[10] = 0.3458741190809163*fclc[46]+0.3458741190809163*fccc[46]+0.4975526040028326*fclc[31]-0.4975526040028326*fccc[31]+0.3535533905932737*fclc[16]+0.3535533905932737*fccc[16];
  f_proj2_l[11] = 0.4975526040028326*fclc[32]-0.4975526040028326*fccc[32]+0.3535533905932737*fclc[19]+0.3535533905932737*fccc[19];
  f_proj2_l[12] = 0.4975526040028326*fclc[33]-0.4975526040028326*fccc[33]+0.3535533905932737*fclc[20]+0.3535533905932737*fccc[20];
  f_proj2_l[13] = 0.4975526040028326*fclc[37]-0.4975526040028326*fccc[37]+0.3535533905932737*fclc[25]+0.3535533905932737*fccc[25];
  f_proj2_l[14] = 0.4975526040028326*fclc[38]-0.4975526040028326*fccc[38]+0.3535533905932737*fclc[26]+0.3535533905932737*fccc[26];
  f_proj2_l[15] = 0.4975526040028326*fclc[42]-0.4975526040028326*fccc[42]+0.3535533905932737*fclc[28]+0.3535533905932737*fccc[28];
  f_proj2_l[16] = 0.4975526040028326*fclc[43]-0.4975526040028326*fccc[43]+0.3535533905932737*fclc[29]+0.3535533905932737*fccc[29];
  f_proj2_l[17] = 0.4975526040028326*fclc[44]-0.4975526040028326*fccc[44]+0.3535533905932737*fclc[35]+0.3535533905932737*fccc[35];
  f_proj2_l[18] = 0.4975526040028326*fclc[45]-0.4975526040028326*fccc[45]+0.3535533905932737*fclc[36]+0.3535533905932737*fccc[36];
  f_proj2_l[19] = 0.4975526040028326*fclc[47]-0.4975526040028326*fccc[47]+0.3535533905932737*fclc[41]+0.3535533905932737*fccc[41];

  double f_proj2_u[20];
  f_proj2_u[0] = 0.3458741190809163*fcuc[13]+0.3458741190809163*fccc[13]-0.4975526040028326*fcuc[3]+0.4975526040028326*fccc[3]+0.3535533905932737*fcuc[0]+0.3535533905932737*fccc[0];
  f_proj2_u[1] = 0.3458741190809163*fcuc[23]+0.3458741190809163*fccc[23]-0.4975526040028326*fcuc[6]+0.4975526040028326*fccc[6]+0.3535533905932737*fcuc[1]+0.3535533905932737*fccc[1];
  f_proj2_u[2] = 0.3458741190809163*fcuc[24]+0.3458741190809163*fccc[24]-0.4975526040028326*fcuc[7]+0.4975526040028326*fccc[7]+0.3535533905932737*fcuc[2]+0.3535533905932737*fccc[2];
  f_proj2_u[3] = 0.3458741190809163*fcuc[27]+0.3458741190809163*fccc[27]-0.4975526040028326*fcuc[10]+0.4975526040028326*fccc[10]+0.3535533905932737*fcuc[4]+0.3535533905932737*fccc[4];
  f_proj2_u[4] = 0.3458741190809163*fcuc[34]+0.3458741190809163*fccc[34]-0.4975526040028326*fcuc[15]+0.4975526040028326*fccc[15]+0.3535533905932737*fcuc[5]+0.3535533905932737*fccc[5];
  f_proj2_u[5] = 0.3458741190809163*fcuc[39]+0.3458741190809163*fccc[39]-0.4975526040028326*fcuc[17]+0.4975526040028326*fccc[17]+0.3535533905932737*fcuc[8]+0.3535533905932737*fccc[8];
  f_proj2_u[6] = 0.3458741190809163*fcuc[40]+0.3458741190809163*fccc[40]-0.4975526040028326*fcuc[18]+0.4975526040028326*fccc[18]+0.3535533905932737*fcuc[9]+0.3535533905932737*fccc[9];
  f_proj2_u[7] = (-0.4975526040028326*fcuc[21])+0.4975526040028326*fccc[21]+0.3535533905932737*fcuc[11]+0.3535533905932737*fccc[11];
  f_proj2_u[8] = (-0.4975526040028326*fcuc[22])+0.4975526040028326*fccc[22]+0.3535533905932737*fcuc[12]+0.3535533905932737*fccc[12];
  f_proj2_u[9] = (-0.4975526040028326*fcuc[30])+0.4975526040028326*fccc[30]+0.3535533905932737*fcuc[14]+0.3535533905932737*fccc[14];
  f_proj2_u[10] = 0.3458741190809163*fcuc[46]+0.3458741190809163*fccc[46]-0.4975526040028326*fcuc[31]+0.4975526040028326*fccc[31]+0.3535533905932737*fcuc[16]+0.3535533905932737*fccc[16];
  f_proj2_u[11] = (-0.4975526040028326*fcuc[32])+0.4975526040028326*fccc[32]+0.3535533905932737*fcuc[19]+0.3535533905932737*fccc[19];
  f_proj2_u[12] = (-0.4975526040028326*fcuc[33])+0.4975526040028326*fccc[33]+0.3535533905932737*fcuc[20]+0.3535533905932737*fccc[20];
  f_proj2_u[13] = (-0.4975526040028326*fcuc[37])+0.4975526040028326*fccc[37]+0.3535533905932737*fcuc[25]+0.3535533905932737*fccc[25];
  f_proj2_u[14] = (-0.4975526040028326*fcuc[38])+0.4975526040028326*fccc[38]+0.3535533905932737*fcuc[26]+0.3535533905932737*fccc[26];
  f_proj2_u[15] = (-0.4975526040028326*fcuc[42])+0.4975526040028326*fccc[42]+0.3535533905932737*fcuc[28]+0.3535533905932737*fccc[28];
  f_proj2_u[16] = (-0.4975526040028326*fcuc[43])+0.4975526040028326*fccc[43]+0.3535533905932737*fcuc[29]+0.3535533905932737*fccc[29];
  f_proj2_u[17] = (-0.4975526040028326*fcuc[44])+0.4975526040028326*fccc[44]+0.3535533905932737*fcuc[35]+0.3535533905932737*fccc[35];
  f_proj2_u[18] = (-0.4975526040028326*fcuc[45])+0.4975526040028326*fccc[45]+0.3535533905932737*fcuc[36]+0.3535533905932737*fccc[36];
  f_proj2_u[19] = (-0.4975526040028326*fcuc[47])+0.4975526040028326*fccc[47]+0.3535533905932737*fcuc[41]+0.3535533905932737*fccc[41];

  out[0] += Jvyvy*(0.125*D_proj1_u[19]*df_proj1_u[19]-0.125*D_proj1_l[19]*df_proj1_l[19]+0.125*D_proj1_u[18]*df_proj1_u[18]-0.125*D_proj1_l[18]*df_proj1_l[18]+0.125*D_proj1_u[17]*df_proj1_u[17]-0.125*D_proj1_l[17]*df_proj1_l[17]+0.125*D_proj1_u[16]*df_proj1_u[16]-0.125*D_proj1_l[16]*df_proj1_l[16]+0.125*D_proj1_u[15]*df_proj1_u[15]-0.125*D_proj1_l[15]*df_proj1_l[15]+0.125*D_proj1_u[14]*df_proj1_u[14]-0.125*D_proj1_l[14]*df_proj1_l[14]+0.125*D_proj1_u[13]*df_proj1_u[13]-0.125*D_proj1_l[13]*df_proj1_l[13]+0.125*D_proj1_u[12]*df_proj1_u[12]-0.125*D_proj1_l[12]*df_proj1_l[12]+0.125*D_proj1_u[11]*df_proj1_u[11]-0.125*D_proj1_l[11]*df_proj1_l[11]+0.125*D_proj1_u[10]*df_proj1_u[10]-0.125*D_proj1_l[10]*df_proj1_l[10]+0.125*D_proj1_u[9]*df_proj1_u[9]-0.125*D_proj1_l[9]*df_proj1_l[9]+0.125*D_proj1_u[8]*df_proj1_u[8]-0.125*D_proj1_l[8]*df_proj1_l[8]+0.125*D_proj1_u[7]*df_proj1_u[7]-0.125*D_proj1_l[7]*df_proj1_l[7]+0.125*D_proj1_u[6]*df_proj1_u[6]-0.125*D_proj1_l[6]*df_proj1_l[6]+0.125*D_proj1_u[5]*df_proj1_u[5]-0.125*D_proj1_l[5]*df_proj1_l[5]+0.125*D_proj1_u[4]*df_proj1_u[4]-0.125*D_proj1_l[4]*df_proj1_l[4]+0.125*D_proj1_u[3]*df_proj1_u[3]-0.125*D_proj1_l[3]*df_proj1_l[3]+0.125*D_proj1_u[2]*df_proj1_u[2]-0.125*D_proj1_l[2]*df_proj1_l[2]+0.125*D_proj1_u[1]*df_proj1_u[1]-0.125*D_proj1_l[1]*df_proj1_l[1]+0.125*D_proj1_u[0]*df_proj1_u[0]-0.125*D_proj1_l[0]*df_proj1_l[0]);
  out[1] += Jvyvy*(0.125*D_proj1_u[16]*df_proj1_u[19]-0.125*D_proj1_l[16]*df_proj1_l[19]+0.125*df_proj1_u[16]*D_proj1_u[19]-0.125*df_proj1_l[16]*D_proj1_l[19]+0.125*D_proj1_u[14]*df_proj1_u[18]-0.125*D_proj1_l[14]*df_proj1_l[18]+0.125*df_proj1_u[14]*D_proj1_u[18]-0.125*df_proj1_l[14]*D_proj1_l[18]+0.1118033988749895*D_proj1_u[10]*df_proj1_u[17]-0.1118033988749895*D_proj1_l[10]*df_proj1_l[17]+0.1118033988749895*df_proj1_u[10]*D_proj1_u[17]-0.1118033988749895*df_proj1_l[10]*D_proj1_l[17]+0.125*D_proj1_u[9]*df_proj1_u[15]-0.125*D_proj1_l[9]*df_proj1_l[15]+0.125*df_proj1_u[9]*D_proj1_u[15]-0.125*df_proj1_l[9]*D_proj1_l[15]+0.1118033988749895*D_proj1_u[5]*df_proj1_u[13]-0.1118033988749895*D_proj1_l[5]*df_proj1_l[13]+0.1118033988749895*df_proj1_u[5]*D_proj1_u[13]-0.1118033988749895*df_proj1_l[5]*D_proj1_l[13]+0.125*D_proj1_u[8]*df_proj1_u[12]-0.125*D_proj1_l[8]*df_proj1_l[12]+0.125*df_proj1_u[8]*D_proj1_u[12]-0.125*df_proj1_l[8]*D_proj1_l[12]+0.1118033988749895*D_proj1_u[4]*df_proj1_u[11]-0.1118033988749895*D_proj1_l[4]*df_proj1_l[11]+0.1118033988749895*df_proj1_u[4]*D_proj1_u[11]-0.1118033988749895*df_proj1_l[4]*D_proj1_l[11]+0.125*D_proj1_u[6]*df_proj1_u[10]-0.125*D_proj1_l[6]*df_proj1_l[10]+0.125*df_proj1_u[6]*D_proj1_u[10]-0.125*df_proj1_l[6]*D_proj1_l[10]+0.1118033988749895*D_proj1_u[1]*df_proj1_u[7]-0.1118033988749895*D_proj1_l[1]*df_proj1_l[7]+0.1118033988749895*df_proj1_u[1]*D_proj1_u[7]-0.1118033988749895*df_proj1_l[1]*D_proj1_l[7]+0.125*D_proj1_u[3]*df_proj1_u[5]-0.125*D_proj1_l[3]*df_proj1_l[5]+0.125*df_proj1_u[3]*D_proj1_u[5]-0.125*df_proj1_l[3]*D_proj1_l[5]+0.125*D_proj1_u[2]*df_proj1_u[4]-0.125*D_proj1_l[2]*df_proj1_l[4]+0.125*df_proj1_u[2]*D_proj1_u[4]-0.125*df_proj1_l[2]*D_proj1_l[4]+0.125*D_proj1_u[0]*df_proj1_u[1]-0.125*D_proj1_l[0]*df_proj1_l[1]+0.125*df_proj1_u[0]*D_proj1_u[1]-0.125*df_proj1_l[0]*D_proj1_l[1]);
  out[2] += Jvyvy*(0.125*D_proj1_u[15]*df_proj1_u[19]-0.125*D_proj1_l[15]*df_proj1_l[19]+0.125*df_proj1_u[15]*D_proj1_u[19]-0.125*df_proj1_l[15]*D_proj1_l[19]+0.1118033988749895*D_proj1_u[10]*df_proj1_u[18]-0.1118033988749895*D_proj1_l[10]*df_proj1_l[18]+0.1118033988749895*df_proj1_u[10]*D_proj1_u[18]-0.1118033988749895*df_proj1_l[10]*D_proj1_l[18]+0.125*D_proj1_u[13]*df_proj1_u[17]-0.125*D_proj1_l[13]*df_proj1_l[17]+0.125*df_proj1_u[13]*D_proj1_u[17]-0.125*df_proj1_l[13]*D_proj1_l[17]+0.125*D_proj1_u[9]*df_proj1_u[16]-0.125*D_proj1_l[9]*df_proj1_l[16]+0.125*df_proj1_u[9]*D_proj1_u[16]-0.125*df_proj1_l[9]*D_proj1_l[16]+0.1118033988749895*D_proj1_u[6]*df_proj1_u[14]-0.1118033988749895*D_proj1_l[6]*df_proj1_l[14]+0.1118033988749895*df_proj1_u[6]*D_proj1_u[14]-0.1118033988749895*df_proj1_l[6]*D_proj1_l[14]+0.1118033988749895*D_proj1_u[4]*df_proj1_u[12]-0.1118033988749895*D_proj1_l[4]*df_proj1_l[12]+0.1118033988749895*df_proj1_u[4]*D_proj1_u[12]-0.1118033988749895*df_proj1_l[4]*D_proj1_l[12]+0.125*D_proj1_u[7]*df_proj1_u[11]-0.125*D_proj1_l[7]*df_proj1_l[11]+0.125*df_proj1_u[7]*D_proj1_u[11]-0.125*df_proj1_l[7]*D_proj1_l[11]+0.125*D_proj1_u[5]*df_proj1_u[10]-0.125*D_proj1_l[5]*df_proj1_l[10]+0.125*df_proj1_u[5]*D_proj1_u[10]-0.125*df_proj1_l[5]*D_proj1_l[10]+0.1118033988749895*D_proj1_u[2]*df_proj1_u[8]-0.1118033988749895*D_proj1_l[2]*df_proj1_l[8]+0.1118033988749895*df_proj1_u[2]*D_proj1_u[8]-0.1118033988749895*df_proj1_l[2]*D_proj1_l[8]+0.125*D_proj1_u[3]*df_proj1_u[6]-0.125*D_proj1_l[3]*df_proj1_l[6]+0.125*df_proj1_u[3]*D_proj1_u[6]-0.125*df_proj1_l[3]*D_proj1_l[6]+0.125*D_proj1_u[1]*df_proj1_u[4]-0.125*D_proj1_l[1]*df_proj1_l[4]+0.125*df_proj1_u[1]*D_proj1_u[4]-0.125*df_proj1_l[1]*D_proj1_l[4]+0.125*D_proj1_u[0]*df_proj1_u[2]-0.125*D_proj1_l[0]*df_proj1_l[2]+0.125*df_proj1_u[0]*D_proj1_u[2]-0.125*df_proj1_l[0]*D_proj1_l[2]);
  out[3] += Jvyvy*((-0.2165063509461096*D_proj1_u[19]*f_proj2_u[19])+0.2165063509461096*D_proj1_l[19]*f_proj2_l[19]+0.2165063509461096*D_proj1_u[19]*df_proj1_u[19]+0.2165063509461096*D_proj1_l[19]*df_proj1_l[19]-0.2165063509461096*D_proj1_u[18]*f_proj2_u[18]+0.2165063509461096*D_proj1_l[18]*f_proj2_l[18]+0.2165063509461096*D_proj1_u[18]*df_proj1_u[18]+0.2165063509461096*D_proj1_l[18]*df_proj1_l[18]-0.2165063509461096*D_proj1_u[17]*f_proj2_u[17]+0.2165063509461096*D_proj1_l[17]*f_proj2_l[17]+0.2165063509461096*D_proj1_u[17]*df_proj1_u[17]+0.2165063509461096*D_proj1_l[17]*df_proj1_l[17]-0.2165063509461096*D_proj1_u[16]*f_proj2_u[16]+0.2165063509461096*D_proj1_l[16]*f_proj2_l[16]+0.2165063509461096*D_proj1_u[16]*df_proj1_u[16]+0.2165063509461096*D_proj1_l[16]*df_proj1_l[16]-0.2165063509461096*D_proj1_u[15]*f_proj2_u[15]+0.2165063509461096*D_proj1_l[15]*f_proj2_l[15]+0.2165063509461096*D_proj1_u[15]*df_proj1_u[15]+0.2165063509461096*D_proj1_l[15]*df_proj1_l[15]-0.2165063509461096*D_proj1_u[14]*f_proj2_u[14]+0.2165063509461096*D_proj1_l[14]*f_proj2_l[14]+0.2165063509461096*D_proj1_u[14]*df_proj1_u[14]+0.2165063509461096*D_proj1_l[14]*df_proj1_l[14]-0.2165063509461096*D_proj1_u[13]*f_proj2_u[13]+0.2165063509461096*D_proj1_l[13]*f_proj2_l[13]+0.2165063509461096*D_proj1_u[13]*df_proj1_u[13]+0.2165063509461096*D_proj1_l[13]*df_proj1_l[13]-0.2165063509461096*D_proj1_u[12]*f_proj2_u[12]+0.2165063509461096*D_proj1_l[12]*f_proj2_l[12]+0.2165063509461096*D_proj1_u[12]*df_proj1_u[12]+0.2165063509461096*D_proj1_l[12]*df_proj1_l[12]-0.2165063509461096*D_proj1_u[11]*f_proj2_u[11]+0.2165063509461096*D_proj1_l[11]*f_proj2_l[11]+0.2165063509461096*D_proj1_u[11]*df_proj1_u[11]+0.2165063509461096*D_proj1_l[11]*df_proj1_l[11]-0.2165063509461096*D_proj1_u[10]*f_proj2_u[10]+0.2165063509461096*D_proj1_l[10]*f_proj2_l[10]+0.2165063509461096*D_proj1_u[10]*df_proj1_u[10]+0.2165063509461096*D_proj1_l[10]*df_proj1_l[10]-0.2165063509461096*D_proj1_u[9]*f_proj2_u[9]+0.2165063509461096*D_proj1_l[9]*f_proj2_l[9]+0.2165063509461096*D_proj1_u[9]*df_proj1_u[9]+0.2165063509461096*D_proj1_l[9]*df_proj1_l[9]-0.2165063509461096*D_proj1_u[8]*f_proj2_u[8]+0.2165063509461096*D_proj1_l[8]*f_proj2_l[8]+0.2165063509461096*D_proj1_u[8]*df_proj1_u[8]+0.2165063509461096*D_proj1_l[8]*df_proj1_l[8]-0.2165063509461096*D_proj1_u[7]*f_proj2_u[7]+0.2165063509461096*D_proj1_l[7]*f_proj2_l[7]+0.2165063509461096*D_proj1_u[7]*df_proj1_u[7]+0.2165063509461096*D_proj1_l[7]*df_proj1_l[7]-0.2165063509461096*D_proj1_u[6]*f_proj2_u[6]+0.2165063509461096*D_proj1_l[6]*f_proj2_l[6]+0.2165063509461096*D_proj1_u[6]*df_proj1_u[6]+0.2165063509461096*D_proj1_l[6]*df_proj1_l[6]-0.2165063509461096*D_proj1_u[5]*f_proj2_u[5]+0.2165063509461096*D_proj1_l[5]*f_proj2_l[5]+0.2165063509461096*D_proj1_u[5]*df_proj1_u[5]+0.2165063509461096*D_proj1_l[5]*df_proj1_l[5]-0.2165063509461096*D_proj1_u[4]*f_proj2_u[4]+0.2165063509461096*D_proj1_l[4]*f_proj2_l[4]+0.2165063509461096*D_proj1_u[4]*df_proj1_u[4]+0.2165063509461096*D_proj1_l[4]*df_proj1_l[4]-0.2165063509461096*D_proj1_u[3]*f_proj2_u[3]+0.2165063509461096*D_proj1_l[3]*f_proj2_l[3]+0.2165063509461096*D_proj1_u[3]*df_proj1_u[3]+0.2165063509461096*D_proj1_l[3]*df_proj1_l[3]-0.2165063509461096*D_proj1_u[2]*f_proj2_u[2]+0.2165063509461096*D_proj1_l[2]*f_proj2_l[2]+0.2165063509461096*D_proj1_u[2]*df_proj1_u[2]+0.2165063509461096*D_proj1_l[2]*df_proj1_l[2]-0.2165063509461096*D_proj1_u[1]*f_proj2_u[1]+0.2165063509461096*D_proj1_l[1]*f_proj2_l[1]+0.2165063509461096*D_proj1_u[1]*df_proj1_u[1]+0.2165063509461096*D_proj1_l[1]*df_proj1_l[1]-0.2165063509461096*D_proj1_u[0]*f_proj2_u[0]+0.2165063509461096*D_proj1_l[0]*f_proj2_l[0]+0.2165063509461096*D_proj1_u[0]*df_proj1_u[0]+0.2165063509461096*D_proj1_l[0]*df_proj1_l[0]);
  out[4] += Jvyvy*(0.1118033988749895*D_proj1_u[10]*df_proj1_u[19]-0.1118033988749895*D_proj1_l[10]*df_proj1_l[19]+0.1118033988749895*df_proj1_u[10]*D_proj1_u[19]-0.1118033988749895*df_proj1_l[10]*D_proj1_l[19]+0.125*D_proj1_u[12]*df_proj1_u[18]-0.125*D_proj1_l[12]*df_proj1_l[18]+0.125*df_proj1_u[12]*D_proj1_u[18]-0.125*df_proj1_l[12]*D_proj1_l[18]+0.125*D_proj1_u[11]*df_proj1_u[17]-0.125*D_proj1_l[11]*df_proj1_l[17]+0.125*df_proj1_u[11]*D_proj1_u[17]-0.125*df_proj1_l[11]*D_proj1_l[17]+0.1118033988749895*D_proj1_u[6]*df_proj1_u[16]-0.1118033988749895*D_proj1_l[6]*df_proj1_l[16]+0.1118033988749895*df_proj1_u[6]*D_proj1_u[16]-0.1118033988749895*df_proj1_l[6]*D_proj1_l[16]+0.1118033988749895*D_proj1_u[5]*df_proj1_u[15]-0.1118033988749895*D_proj1_l[5]*df_proj1_l[15]+0.1118033988749895*df_proj1_u[5]*D_proj1_u[15]-0.1118033988749895*df_proj1_l[5]*D_proj1_l[15]+0.125*D_proj1_u[8]*df_proj1_u[14]-0.125*D_proj1_l[8]*df_proj1_l[14]+0.125*df_proj1_u[8]*D_proj1_u[14]-0.125*df_proj1_l[8]*D_proj1_l[14]+0.125*D_proj1_u[7]*df_proj1_u[13]-0.125*D_proj1_l[7]*df_proj1_l[13]+0.125*df_proj1_u[7]*D_proj1_u[13]-0.125*df_proj1_l[7]*D_proj1_l[13]+0.125*D_proj1_u[4]*df_proj1_u[10]-0.125*D_proj1_l[4]*df_proj1_l[10]+0.125*df_proj1_u[4]*D_proj1_u[10]-0.125*df_proj1_l[4]*D_proj1_l[10]+0.1118033988749895*D_proj1_u[3]*df_proj1_u[9]-0.1118033988749895*D_proj1_l[3]*df_proj1_l[9]+0.1118033988749895*df_proj1_u[3]*D_proj1_u[9]-0.1118033988749895*df_proj1_l[3]*D_proj1_l[9]+0.125*D_proj1_u[2]*df_proj1_u[6]-0.125*D_proj1_l[2]*df_proj1_l[6]+0.125*df_proj1_u[2]*D_proj1_u[6]-0.125*df_proj1_l[2]*D_proj1_l[6]+0.125*D_proj1_u[1]*df_proj1_u[5]-0.125*D_proj1_l[1]*df_proj1_l[5]+0.125*df_proj1_u[1]*D_proj1_u[5]-0.125*df_proj1_l[1]*D_proj1_l[5]+0.125*D_proj1_u[0]*df_proj1_u[3]-0.125*D_proj1_l[0]*df_proj1_l[3]+0.125*df_proj1_u[0]*D_proj1_u[3]-0.125*df_proj1_l[0]*D_proj1_l[3]);
  out[5] += Jvyvy*(0.125*D_proj1_u[9]*df_proj1_u[19]-0.125*D_proj1_l[9]*df_proj1_l[19]+0.125*df_proj1_u[9]*D_proj1_u[19]-0.125*df_proj1_l[9]*D_proj1_l[19]+0.1*D_proj1_u[17]*df_proj1_u[18]+0.1118033988749895*D_proj1_u[6]*df_proj1_u[18]-0.1*D_proj1_l[17]*df_proj1_l[18]-0.1118033988749895*D_proj1_l[6]*df_proj1_l[18]+0.1*df_proj1_u[17]*D_proj1_u[18]+0.1118033988749895*df_proj1_u[6]*D_proj1_u[18]-0.1*df_proj1_l[17]*D_proj1_l[18]-0.1118033988749895*df_proj1_l[6]*D_proj1_l[18]+0.1118033988749895*D_proj1_u[5]*df_proj1_u[17]-0.1118033988749895*D_proj1_l[5]*df_proj1_l[17]+0.1118033988749895*df_proj1_u[5]*D_proj1_u[17]-0.1118033988749895*df_proj1_l[5]*D_proj1_l[17]+0.125*D_proj1_u[15]*df_proj1_u[16]-0.125*D_proj1_l[15]*df_proj1_l[16]+0.125*df_proj1_u[15]*D_proj1_u[16]-0.125*df_proj1_l[15]*D_proj1_l[16]+0.1118033988749895*D_proj1_u[10]*df_proj1_u[14]-0.1118033988749895*D_proj1_l[10]*df_proj1_l[14]+0.1118033988749895*df_proj1_u[10]*D_proj1_u[14]-0.1118033988749895*df_proj1_l[10]*D_proj1_l[14]+0.1118033988749895*D_proj1_u[10]*df_proj1_u[13]-0.1118033988749895*D_proj1_l[10]*df_proj1_l[13]+0.1118033988749895*df_proj1_u[10]*D_proj1_u[13]-0.1118033988749895*df_proj1_l[10]*D_proj1_l[13]+0.1*D_proj1_u[11]*df_proj1_u[12]+0.1118033988749895*D_proj1_u[2]*df_proj1_u[12]-0.1*D_proj1_l[11]*df_proj1_l[12]-0.1118033988749895*D_proj1_l[2]*df_proj1_l[12]+0.1*df_proj1_u[11]*D_proj1_u[12]+0.1118033988749895*df_proj1_u[2]*D_proj1_u[12]-0.1*df_proj1_l[11]*D_proj1_l[12]-0.1118033988749895*df_proj1_l[2]*D_proj1_l[12]+0.1118033988749895*D_proj1_u[1]*df_proj1_u[11]-0.1118033988749895*D_proj1_l[1]*df_proj1_l[11]+0.1118033988749895*df_proj1_u[1]*D_proj1_u[11]-0.1118033988749895*df_proj1_l[1]*D_proj1_l[11]+0.125*D_proj1_u[3]*df_proj1_u[10]-0.125*D_proj1_l[3]*df_proj1_l[10]+0.125*df_proj1_u[3]*D_proj1_u[10]-0.125*df_proj1_l[3]*D_proj1_l[10]+0.1118033988749895*D_proj1_u[4]*df_proj1_u[8]-0.1118033988749895*D_proj1_l[4]*df_proj1_l[8]+0.1118033988749895*df_proj1_u[4]*D_proj1_u[8]-0.1118033988749895*df_proj1_l[4]*D_proj1_l[8]+0.1118033988749895*D_proj1_u[4]*df_proj1_u[7]-0.1118033988749895*D_proj1_l[4]*df_proj1_l[7]+0.1118033988749895*df_proj1_u[4]*D_proj1_u[7]-0.1118033988749895*df_proj1_l[4]*D_proj1_l[7]+0.125*D_proj1_u[5]*df_proj1_u[6]-0.125*D_proj1_l[5]*df_proj1_l[6]+0.125*df_proj1_u[5]*D_proj1_u[6]-0.125*df_proj1_l[5]*D_proj1_l[6]+0.125*D_proj1_u[0]*df_proj1_u[4]-0.125*D_proj1_l[0]*df_proj1_l[4]+0.125*df_proj1_u[0]*D_proj1_u[4]-0.125*df_proj1_l[0]*D_proj1_l[4]+0.125*D_proj1_u[1]*df_proj1_u[2]-0.125*D_proj1_l[1]*df_proj1_l[2]+0.125*df_proj1_u[1]*D_proj1_u[2]-0.125*df_proj1_l[1]*D_proj1_l[2]);
  out[6] += Jvyvy*((-0.2165063509461097*D_proj1_u[16]*f_proj2_u[19])+0.2165063509461097*D_proj1_l[16]*f_proj2_l[19]+0.2165063509461097*D_proj1_u[16]*df_proj1_u[19]+0.2165063509461097*D_proj1_l[16]*df_proj1_l[19]-0.2165063509461097*f_proj2_u[16]*D_proj1_u[19]+0.2165063509461097*df_proj1_u[16]*D_proj1_u[19]+0.2165063509461097*f_proj2_l[16]*D_proj1_l[19]+0.2165063509461097*df_proj1_l[16]*D_proj1_l[19]-0.2165063509461097*D_proj1_u[14]*f_proj2_u[18]+0.2165063509461097*D_proj1_l[14]*f_proj2_l[18]+0.2165063509461097*D_proj1_u[14]*df_proj1_u[18]+0.2165063509461097*D_proj1_l[14]*df_proj1_l[18]-0.2165063509461097*f_proj2_u[14]*D_proj1_u[18]+0.2165063509461097*df_proj1_u[14]*D_proj1_u[18]+0.2165063509461097*f_proj2_l[14]*D_proj1_l[18]+0.2165063509461097*df_proj1_l[14]*D_proj1_l[18]-0.1936491673103708*D_proj1_u[10]*f_proj2_u[17]+0.1936491673103708*D_proj1_l[10]*f_proj2_l[17]+0.1936491673103708*D_proj1_u[10]*df_proj1_u[17]+0.1936491673103708*D_proj1_l[10]*df_proj1_l[17]-0.1936491673103708*f_proj2_u[10]*D_proj1_u[17]+0.1936491673103708*df_proj1_u[10]*D_proj1_u[17]+0.1936491673103708*f_proj2_l[10]*D_proj1_l[17]+0.1936491673103708*df_proj1_l[10]*D_proj1_l[17]-0.2165063509461097*D_proj1_u[9]*f_proj2_u[15]+0.2165063509461097*D_proj1_l[9]*f_proj2_l[15]+0.2165063509461097*D_proj1_u[9]*df_proj1_u[15]+0.2165063509461097*D_proj1_l[9]*df_proj1_l[15]-0.2165063509461097*f_proj2_u[9]*D_proj1_u[15]+0.2165063509461097*df_proj1_u[9]*D_proj1_u[15]+0.2165063509461097*f_proj2_l[9]*D_proj1_l[15]+0.2165063509461097*df_proj1_l[9]*D_proj1_l[15]-0.1936491673103709*D_proj1_u[5]*f_proj2_u[13]+0.1936491673103709*D_proj1_l[5]*f_proj2_l[13]+0.1936491673103709*D_proj1_u[5]*df_proj1_u[13]+0.1936491673103709*D_proj1_l[5]*df_proj1_l[13]-0.1936491673103709*f_proj2_u[5]*D_proj1_u[13]+0.1936491673103709*df_proj1_u[5]*D_proj1_u[13]+0.1936491673103709*f_proj2_l[5]*D_proj1_l[13]+0.1936491673103709*df_proj1_l[5]*D_proj1_l[13]-0.2165063509461097*D_proj1_u[8]*f_proj2_u[12]+0.2165063509461097*D_proj1_l[8]*f_proj2_l[12]+0.2165063509461097*D_proj1_u[8]*df_proj1_u[12]+0.2165063509461097*D_proj1_l[8]*df_proj1_l[12]-0.2165063509461097*f_proj2_u[8]*D_proj1_u[12]+0.2165063509461097*df_proj1_u[8]*D_proj1_u[12]+0.2165063509461097*f_proj2_l[8]*D_proj1_l[12]+0.2165063509461097*df_proj1_l[8]*D_proj1_l[12]-0.1936491673103709*D_proj1_u[4]*f_proj2_u[11]+0.1936491673103709*D_proj1_l[4]*f_proj2_l[11]+0.1936491673103709*D_proj1_u[4]*df_proj1_u[11]+0.1936491673103709*D_proj1_l[4]*df_proj1_l[11]-0.1936491673103709*f_proj2_u[4]*D_proj1_u[11]+0.1936491673103709*df_proj1_u[4]*D_proj1_u[11]+0.1936491673103709*f_proj2_l[4]*D_proj1_l[11]+0.1936491673103709*df_proj1_l[4]*D_proj1_l[11]-0.2165063509461096*D_proj1_u[6]*f_proj2_u[10]+0.2165063509461096*D_proj1_l[6]*f_proj2_l[10]+0.2165063509461096*D_proj1_u[6]*df_proj1_u[10]+0.2165063509461096*D_proj1_l[6]*df_proj1_l[10]-0.2165063509461096*f_proj2_u[6]*D_proj1_u[10]+0.2165063509461096*df_proj1_u[6]*D_proj1_u[10]+0.2165063509461096*f_proj2_l[6]*D_proj1_l[10]+0.2165063509461096*df_proj1_l[6]*D_proj1_l[10]-0.1936491673103708*D_proj1_u[1]*f_proj2_u[7]+0.1936491673103708*D_proj1_l[1]*f_proj2_l[7]+0.1936491673103708*D_proj1_u[1]*df_proj1_u[7]+0.1936491673103708*D_proj1_l[1]*df_proj1_l[7]-0.1936491673103708*f_proj2_u[1]*D_proj1_u[7]+0.1936491673103708*df_proj1_u[1]*D_proj1_u[7]+0.1936491673103708*f_proj2_l[1]*D_proj1_l[7]+0.1936491673103708*df_proj1_l[1]*D_proj1_l[7]-0.2165063509461096*D_proj1_u[3]*f_proj2_u[5]+0.2165063509461096*D_proj1_l[3]*f_proj2_l[5]+0.2165063509461096*D_proj1_u[3]*df_proj1_u[5]+0.2165063509461096*D_proj1_l[3]*df_proj1_l[5]-0.2165063509461096*f_proj2_u[3]*D_proj1_u[5]+0.2165063509461096*df_proj1_u[3]*D_proj1_u[5]+0.2165063509461096*f_proj2_l[3]*D_proj1_l[5]+0.2165063509461096*df_proj1_l[3]*D_proj1_l[5]-0.2165063509461096*D_proj1_u[2]*f_proj2_u[4]+0.2165063509461096*D_proj1_l[2]*f_proj2_l[4]+0.2165063509461096*D_proj1_u[2]*df_proj1_u[4]+0.2165063509461096*D_proj1_l[2]*df_proj1_l[4]-0.2165063509461096*f_proj2_u[2]*D_proj1_u[4]+0.2165063509461096*df_proj1_u[2]*D_proj1_u[4]+0.2165063509461096*f_proj2_l[2]*D_proj1_l[4]+0.2165063509461096*df_proj1_l[2]*D_proj1_l[4]-0.2165063509461096*D_proj1_u[0]*f_proj2_u[1]+0.2165063509461096*D_proj1_l[0]*f_proj2_l[1]+0.2165063509461096*D_proj1_u[0]*df_proj1_u[1]+0.2165063509461096*D_proj1_l[0]*df_proj1_l[1]-0.2165063509461096*f_proj2_u[0]*D_proj1_u[1]+0.2165063509461096*df_proj1_u[0]*D_proj1_u[1]+0.2165063509461096*f_proj2_l[0]*D_proj1_l[1]+0.2165063509461096*df_proj1_l[0]*D_proj1_l[1]);
