#include <gkyl_fpo_vlasov_kernels.h>

GKYL_CU_DH double
fpo_vlasov_diff_surfvxvx_1x3v_ser_p2(const double* w, const double* dx,
  const double* g[], const double* f[], double* GKYL_RESTRICT out) 
{
  // w[NDIM]: Cell-center coordinates
  // dxv[NDIM]: Cell spacing
  // g: 
  // f: 
  // out: Incremented output

  const double Jvxvx = 4/dx[1]/dx[1];

  const double* gllc = g[1];
  const double* glcl = g[3];
  const double* glcc = g[4];
  const double* glcu = g[5];
  const double* gluc = g[7];
  const double* gcll = g[9];
  const double* gclc = g[10];
  const double* gclu = g[11];
  const double* gccl = g[12];
  const double* gccc = g[13];
  const double* gccu = g[14];
  const double* gcul = g[15];
  const double* gcuc = g[16];
  const double* gcuu = g[17];
  const double* gulc = g[19];
  const double* gucl = g[21];
  const double* gucc = g[22];
  const double* gucu = g[23];
  const double* guuc = g[25];

  const double* fllc = f[1];
  const double* flcl = f[3];
  const double* flcc = f[4];
  const double* flcu = f[5];
  const double* fluc = f[7];
  const double* fcll = f[9];
  const double* fclc = f[10];
  const double* fclu = f[11];
  const double* fccl = f[12];
  const double* fccc = f[13];
  const double* fccu = f[14];
  const double* fcul = f[15];
  const double* fcuc = f[16];
  const double* fcuu = f[17];
  const double* fulc = f[19];
  const double* fucl = f[21];
  const double* fucc = f[22];
  const double* fucu = f[23];
  const double* fuuc = f[25];

  double D_proj1_l[20];
  D_proj1_l[0] = (-2.075244714485498*glcc[12])-2.075244714485498*gccc[12]-1.148198316929614*glcc[2]+1.148198316929614*gccc[2];
  D_proj1_l[1] = (-2.075244714485498*glcc[20])-2.075244714485498*gccc[20]-1.148198316929614*glcc[5]+1.148198316929614*gccc[5];
  D_proj1_l[2] = (-2.075244714485498*glcc[22])-2.075244714485498*gccc[22]-1.148198316929614*glcc[7]+1.148198316929614*gccc[7];
  D_proj1_l[3] = (-2.075244714485498*glcc[26])-2.075244714485498*gccc[26]-1.148198316929614*glcc[9]+1.148198316929614*gccc[9];
  D_proj1_l[4] = (-2.075244714485498*glcc[33])-2.075244714485498*gccc[33]-1.148198316929614*glcc[15]+1.148198316929614*gccc[15];
  D_proj1_l[5] = (-2.075244714485498*glcc[36])-2.075244714485498*gccc[36]-1.148198316929614*glcc[16]+1.148198316929614*gccc[16];
  D_proj1_l[6] = (-2.075244714485498*glcc[38])-2.075244714485498*gccc[38]-1.148198316929614*glcc[18]+1.148198316929614*gccc[18];
  D_proj1_l[7] = 1.148198316929614*gccc[19]-1.148198316929614*glcc[19];
  D_proj1_l[8] = 1.148198316929614*gccc[24]-1.148198316929614*glcc[24];
  D_proj1_l[9] = 1.148198316929614*gccc[29]-1.148198316929614*glcc[29];
  D_proj1_l[10] = (-2.075244714485498*glcc[45])-2.075244714485498*gccc[45]-1.148198316929614*glcc[31]+1.148198316929614*gccc[31];
  D_proj1_l[11] = 1.148198316929614*gccc[32]-1.148198316929614*glcc[32];
  D_proj1_l[12] = 1.148198316929614*gccc[34]-1.148198316929614*glcc[34];
  D_proj1_l[13] = 1.148198316929614*gccc[35]-1.148198316929614*glcc[35];
  D_proj1_l[14] = 1.148198316929614*gccc[40]-1.148198316929614*glcc[40];
  D_proj1_l[15] = 1.148198316929614*gccc[41]-1.148198316929614*glcc[41];
  D_proj1_l[16] = 1.148198316929614*gccc[43]-1.148198316929614*glcc[43];
  D_proj1_l[17] = 1.148198316929614*gccc[44]-1.148198316929614*glcc[44];
  D_proj1_l[18] = 1.148198316929614*gccc[46]-1.148198316929614*glcc[46];
  D_proj1_l[19] = 1.148198316929614*gccc[47]-1.148198316929614*glcc[47];

  double D_proj1_u[20];
  D_proj1_u[0] = (-2.075244714485498*gucc[12])-2.075244714485498*gccc[12]+1.148198316929614*gucc[2]-1.148198316929614*gccc[2];
  D_proj1_u[1] = (-2.075244714485498*gucc[20])-2.075244714485498*gccc[20]+1.148198316929614*gucc[5]-1.148198316929614*gccc[5];
  D_proj1_u[2] = (-2.075244714485498*gucc[22])-2.075244714485498*gccc[22]+1.148198316929614*gucc[7]-1.148198316929614*gccc[7];
  D_proj1_u[3] = (-2.075244714485498*gucc[26])-2.075244714485498*gccc[26]+1.148198316929614*gucc[9]-1.148198316929614*gccc[9];
  D_proj1_u[4] = (-2.075244714485498*gucc[33])-2.075244714485498*gccc[33]+1.148198316929614*gucc[15]-1.148198316929614*gccc[15];
  D_proj1_u[5] = (-2.075244714485498*gucc[36])-2.075244714485498*gccc[36]+1.148198316929614*gucc[16]-1.148198316929614*gccc[16];
  D_proj1_u[6] = (-2.075244714485498*gucc[38])-2.075244714485498*gccc[38]+1.148198316929614*gucc[18]-1.148198316929614*gccc[18];
  D_proj1_u[7] = 1.148198316929614*gucc[19]-1.148198316929614*gccc[19];
  D_proj1_u[8] = 1.148198316929614*gucc[24]-1.148198316929614*gccc[24];
  D_proj1_u[9] = 1.148198316929614*gucc[29]-1.148198316929614*gccc[29];
  D_proj1_u[10] = (-2.075244714485498*gucc[45])-2.075244714485498*gccc[45]+1.148198316929614*gucc[31]-1.148198316929614*gccc[31];
  D_proj1_u[11] = 1.148198316929614*gucc[32]-1.148198316929614*gccc[32];
  D_proj1_u[12] = 1.148198316929614*gucc[34]-1.148198316929614*gccc[34];
  D_proj1_u[13] = 1.148198316929614*gucc[35]-1.148198316929614*gccc[35];
  D_proj1_u[14] = 1.148198316929614*gucc[40]-1.148198316929614*gccc[40];
  D_proj1_u[15] = 1.148198316929614*gucc[41]-1.148198316929614*gccc[41];
  D_proj1_u[16] = 1.148198316929614*gucc[43]-1.148198316929614*gccc[43];
  D_proj1_u[17] = 1.148198316929614*gucc[44]-1.148198316929614*gccc[44];
  D_proj1_u[18] = 1.148198316929614*gucc[46]-1.148198316929614*gccc[46];
  D_proj1_u[19] = 1.148198316929614*gucc[47]-1.148198316929614*gccc[47];

  double df_proj1_l[20];
  df_proj1_l[0] = (-0.9486832980505137*flcc[12])+0.9486832980505137*fccc[12]-1.684024198163434*flcc[2]-1.684024198163434*fccc[2]-1.325825214724776*flcc[0]+1.325825214724776*fccc[0];
  df_proj1_l[1] = (-0.9486832980505138*flcc[20])+0.9486832980505138*fccc[20]-1.684024198163434*flcc[5]-1.684024198163434*fccc[5]-1.325825214724776*flcc[1]+1.325825214724776*fccc[1];
  df_proj1_l[2] = (-0.9486832980505138*flcc[22])+0.9486832980505138*fccc[22]-1.684024198163434*flcc[7]-1.684024198163434*fccc[7]-1.325825214724776*flcc[3]+1.325825214724776*fccc[3];
  df_proj1_l[3] = (-0.9486832980505138*flcc[26])+0.9486832980505138*fccc[26]-1.684024198163434*flcc[9]-1.684024198163434*fccc[9]-1.325825214724776*flcc[4]+1.325825214724776*fccc[4];
  df_proj1_l[4] = (-0.9486832980505137*flcc[33])+0.9486832980505137*fccc[33]-1.684024198163434*flcc[15]-1.684024198163434*fccc[15]-1.325825214724776*flcc[6]+1.325825214724776*fccc[6];
  df_proj1_l[5] = (-0.9486832980505137*flcc[36])+0.9486832980505137*fccc[36]-1.684024198163434*flcc[16]-1.684024198163434*fccc[16]-1.325825214724776*flcc[8]+1.325825214724776*fccc[8];
  df_proj1_l[6] = (-0.9486832980505137*flcc[38])+0.9486832980505137*fccc[38]-1.684024198163434*flcc[18]-1.684024198163434*fccc[18]-1.325825214724776*flcc[10]+1.325825214724776*fccc[10];
  df_proj1_l[7] = (-1.684024198163434*flcc[19])-1.684024198163434*fccc[19]-1.325825214724776*flcc[11]+1.325825214724776*fccc[11];
  df_proj1_l[8] = (-1.684024198163434*flcc[24])-1.684024198163434*fccc[24]-1.325825214724776*flcc[13]+1.325825214724776*fccc[13];
  df_proj1_l[9] = (-1.684024198163434*flcc[29])-1.684024198163434*fccc[29]-1.325825214724776*flcc[14]+1.325825214724776*fccc[14];
  df_proj1_l[10] = (-0.9486832980505138*flcc[45])+0.9486832980505138*fccc[45]-1.684024198163434*flcc[31]-1.684024198163434*fccc[31]-1.325825214724776*flcc[17]+1.325825214724776*fccc[17];
  df_proj1_l[11] = (-1.684024198163434*flcc[32])-1.684024198163434*fccc[32]-1.325825214724776*flcc[21]+1.325825214724776*fccc[21];
  df_proj1_l[12] = (-1.684024198163434*flcc[34])-1.684024198163434*fccc[34]-1.325825214724776*flcc[23]+1.325825214724776*fccc[23];
  df_proj1_l[13] = (-1.684024198163434*flcc[35])-1.684024198163434*fccc[35]-1.325825214724776*flcc[25]+1.325825214724776*fccc[25];
  df_proj1_l[14] = (-1.684024198163434*flcc[40])-1.684024198163434*fccc[40]-1.325825214724776*flcc[27]+1.325825214724776*fccc[27];
  df_proj1_l[15] = (-1.684024198163434*flcc[41])-1.684024198163434*fccc[41]-1.325825214724776*flcc[28]+1.325825214724776*fccc[28];
  df_proj1_l[16] = (-1.684024198163434*flcc[43])-1.684024198163434*fccc[43]-1.325825214724776*flcc[30]+1.325825214724776*fccc[30];
  df_proj1_l[17] = (-1.684024198163434*flcc[44])-1.684024198163434*fccc[44]-1.325825214724776*flcc[37]+1.325825214724776*fccc[37];
  df_proj1_l[18] = (-1.684024198163434*flcc[46])-1.684024198163434*fccc[46]-1.325825214724776*flcc[39]+1.325825214724776*fccc[39];
  df_proj1_l[19] = (-1.684024198163434*flcc[47])-1.684024198163434*fccc[47]-1.325825214724776*flcc[42]+1.325825214724776*fccc[42];

  double df_proj1_u[20];
  df_proj1_u[0] = 0.9486832980505137*fucc[12]-0.9486832980505137*fccc[12]-1.684024198163434*fucc[2]-1.684024198163434*fccc[2]+1.325825214724776*fucc[0]-1.325825214724776*fccc[0];
  df_proj1_u[1] = 0.9486832980505138*fucc[20]-0.9486832980505138*fccc[20]-1.684024198163434*fucc[5]-1.684024198163434*fccc[5]+1.325825214724776*fucc[1]-1.325825214724776*fccc[1];
  df_proj1_u[2] = 0.9486832980505138*fucc[22]-0.9486832980505138*fccc[22]-1.684024198163434*fucc[7]-1.684024198163434*fccc[7]+1.325825214724776*fucc[3]-1.325825214724776*fccc[3];
  df_proj1_u[3] = 0.9486832980505138*fucc[26]-0.9486832980505138*fccc[26]-1.684024198163434*fucc[9]-1.684024198163434*fccc[9]+1.325825214724776*fucc[4]-1.325825214724776*fccc[4];
  df_proj1_u[4] = 0.9486832980505137*fucc[33]-0.9486832980505137*fccc[33]-1.684024198163434*fucc[15]-1.684024198163434*fccc[15]+1.325825214724776*fucc[6]-1.325825214724776*fccc[6];
  df_proj1_u[5] = 0.9486832980505137*fucc[36]-0.9486832980505137*fccc[36]-1.684024198163434*fucc[16]-1.684024198163434*fccc[16]+1.325825214724776*fucc[8]-1.325825214724776*fccc[8];
  df_proj1_u[6] = 0.9486832980505137*fucc[38]-0.9486832980505137*fccc[38]-1.684024198163434*fucc[18]-1.684024198163434*fccc[18]+1.325825214724776*fucc[10]-1.325825214724776*fccc[10];
  df_proj1_u[7] = (-1.684024198163434*fucc[19])-1.684024198163434*fccc[19]+1.325825214724776*fucc[11]-1.325825214724776*fccc[11];
  df_proj1_u[8] = (-1.684024198163434*fucc[24])-1.684024198163434*fccc[24]+1.325825214724776*fucc[13]-1.325825214724776*fccc[13];
  df_proj1_u[9] = (-1.684024198163434*fucc[29])-1.684024198163434*fccc[29]+1.325825214724776*fucc[14]-1.325825214724776*fccc[14];
  df_proj1_u[10] = 0.9486832980505138*fucc[45]-0.9486832980505138*fccc[45]-1.684024198163434*fucc[31]-1.684024198163434*fccc[31]+1.325825214724776*fucc[17]-1.325825214724776*fccc[17];
  df_proj1_u[11] = (-1.684024198163434*fucc[32])-1.684024198163434*fccc[32]+1.325825214724776*fucc[21]-1.325825214724776*fccc[21];
  df_proj1_u[12] = (-1.684024198163434*fucc[34])-1.684024198163434*fccc[34]+1.325825214724776*fucc[23]-1.325825214724776*fccc[23];
  df_proj1_u[13] = (-1.684024198163434*fucc[35])-1.684024198163434*fccc[35]+1.325825214724776*fucc[25]-1.325825214724776*fccc[25];
  df_proj1_u[14] = (-1.684024198163434*fucc[40])-1.684024198163434*fccc[40]+1.325825214724776*fucc[27]-1.325825214724776*fccc[27];
  df_proj1_u[15] = (-1.684024198163434*fucc[41])-1.684024198163434*fccc[41]+1.325825214724776*fucc[28]-1.325825214724776*fccc[28];
  df_proj1_u[16] = (-1.684024198163434*fucc[43])-1.684024198163434*fccc[43]+1.325825214724776*fucc[30]-1.325825214724776*fccc[30];
  df_proj1_u[17] = (-1.684024198163434*fucc[44])-1.684024198163434*fccc[44]+1.325825214724776*fucc[37]-1.325825214724776*fccc[37];
  df_proj1_u[18] = (-1.684024198163434*fucc[46])-1.684024198163434*fccc[46]+1.325825214724776*fucc[39]-1.325825214724776*fccc[39];
  df_proj1_u[19] = (-1.684024198163434*fucc[47])-1.684024198163434*fccc[47]+1.325825214724776*fucc[42]-1.325825214724776*fccc[42];

  double f_proj2_l[20];
  f_proj2_l[0] = 0.3458741190809163*flcc[12]+0.3458741190809163*fccc[12]+0.4975526040028326*flcc[2]-0.4975526040028326*fccc[2]+0.3535533905932737*flcc[0]+0.3535533905932737*fccc[0];
  f_proj2_l[1] = 0.3458741190809163*flcc[20]+0.3458741190809163*fccc[20]+0.4975526040028326*flcc[5]-0.4975526040028326*fccc[5]+0.3535533905932737*flcc[1]+0.3535533905932737*fccc[1];
  f_proj2_l[2] = 0.3458741190809163*flcc[22]+0.3458741190809163*fccc[22]+0.4975526040028326*flcc[7]-0.4975526040028326*fccc[7]+0.3535533905932737*flcc[3]+0.3535533905932737*fccc[3];
  f_proj2_l[3] = 0.3458741190809163*flcc[26]+0.3458741190809163*fccc[26]+0.4975526040028326*flcc[9]-0.4975526040028326*fccc[9]+0.3535533905932737*flcc[4]+0.3535533905932737*fccc[4];
  f_proj2_l[4] = 0.3458741190809163*flcc[33]+0.3458741190809163*fccc[33]+0.4975526040028326*flcc[15]-0.4975526040028326*fccc[15]+0.3535533905932737*flcc[6]+0.3535533905932737*fccc[6];
  f_proj2_l[5] = 0.3458741190809163*flcc[36]+0.3458741190809163*fccc[36]+0.4975526040028326*flcc[16]-0.4975526040028326*fccc[16]+0.3535533905932737*flcc[8]+0.3535533905932737*fccc[8];
  f_proj2_l[6] = 0.3458741190809163*flcc[38]+0.3458741190809163*fccc[38]+0.4975526040028326*flcc[18]-0.4975526040028326*fccc[18]+0.3535533905932737*flcc[10]+0.3535533905932737*fccc[10];
  f_proj2_l[7] = 0.4975526040028326*flcc[19]-0.4975526040028326*fccc[19]+0.3535533905932737*flcc[11]+0.3535533905932737*fccc[11];
  f_proj2_l[8] = 0.4975526040028326*flcc[24]-0.4975526040028326*fccc[24]+0.3535533905932737*flcc[13]+0.3535533905932737*fccc[13];
  f_proj2_l[9] = 0.4975526040028326*flcc[29]-0.4975526040028326*fccc[29]+0.3535533905932737*flcc[14]+0.3535533905932737*fccc[14];
  f_proj2_l[10] = 0.3458741190809163*flcc[45]+0.3458741190809163*fccc[45]+0.4975526040028326*flcc[31]-0.4975526040028326*fccc[31]+0.3535533905932737*flcc[17]+0.3535533905932737*fccc[17];
  f_proj2_l[11] = 0.4975526040028326*flcc[32]-0.4975526040028326*fccc[32]+0.3535533905932737*flcc[21]+0.3535533905932737*fccc[21];
  f_proj2_l[12] = 0.4975526040028326*flcc[34]-0.4975526040028326*fccc[34]+0.3535533905932737*flcc[23]+0.3535533905932737*fccc[23];
  f_proj2_l[13] = 0.4975526040028326*flcc[35]-0.4975526040028326*fccc[35]+0.3535533905932737*flcc[25]+0.3535533905932737*fccc[25];
  f_proj2_l[14] = 0.4975526040028326*flcc[40]-0.4975526040028326*fccc[40]+0.3535533905932737*flcc[27]+0.3535533905932737*fccc[27];
  f_proj2_l[15] = 0.4975526040028326*flcc[41]-0.4975526040028326*fccc[41]+0.3535533905932737*flcc[28]+0.3535533905932737*fccc[28];
  f_proj2_l[16] = 0.4975526040028326*flcc[43]-0.4975526040028326*fccc[43]+0.3535533905932737*flcc[30]+0.3535533905932737*fccc[30];
  f_proj2_l[17] = 0.4975526040028326*flcc[44]-0.4975526040028326*fccc[44]+0.3535533905932737*flcc[37]+0.3535533905932737*fccc[37];
  f_proj2_l[18] = 0.4975526040028326*flcc[46]-0.4975526040028326*fccc[46]+0.3535533905932737*flcc[39]+0.3535533905932737*fccc[39];
  f_proj2_l[19] = 0.4975526040028326*flcc[47]-0.4975526040028326*fccc[47]+0.3535533905932737*flcc[42]+0.3535533905932737*fccc[42];

  double f_proj2_u[20];
  f_proj2_u[0] = 0.3458741190809163*fucc[12]+0.3458741190809163*fccc[12]-0.4975526040028326*fucc[2]+0.4975526040028326*fccc[2]+0.3535533905932737*fucc[0]+0.3535533905932737*fccc[0];
  f_proj2_u[1] = 0.3458741190809163*fucc[20]+0.3458741190809163*fccc[20]-0.4975526040028326*fucc[5]+0.4975526040028326*fccc[5]+0.3535533905932737*fucc[1]+0.3535533905932737*fccc[1];
  f_proj2_u[2] = 0.3458741190809163*fucc[22]+0.3458741190809163*fccc[22]-0.4975526040028326*fucc[7]+0.4975526040028326*fccc[7]+0.3535533905932737*fucc[3]+0.3535533905932737*fccc[3];
  f_proj2_u[3] = 0.3458741190809163*fucc[26]+0.3458741190809163*fccc[26]-0.4975526040028326*fucc[9]+0.4975526040028326*fccc[9]+0.3535533905932737*fucc[4]+0.3535533905932737*fccc[4];
  f_proj2_u[4] = 0.3458741190809163*fucc[33]+0.3458741190809163*fccc[33]-0.4975526040028326*fucc[15]+0.4975526040028326*fccc[15]+0.3535533905932737*fucc[6]+0.3535533905932737*fccc[6];
  f_proj2_u[5] = 0.3458741190809163*fucc[36]+0.3458741190809163*fccc[36]-0.4975526040028326*fucc[16]+0.4975526040028326*fccc[16]+0.3535533905932737*fucc[8]+0.3535533905932737*fccc[8];
  f_proj2_u[6] = 0.3458741190809163*fucc[38]+0.3458741190809163*fccc[38]-0.4975526040028326*fucc[18]+0.4975526040028326*fccc[18]+0.3535533905932737*fucc[10]+0.3535533905932737*fccc[10];
  f_proj2_u[7] = (-0.4975526040028326*fucc[19])+0.4975526040028326*fccc[19]+0.3535533905932737*fucc[11]+0.3535533905932737*fccc[11];
  f_proj2_u[8] = (-0.4975526040028326*fucc[24])+0.4975526040028326*fccc[24]+0.3535533905932737*fucc[13]+0.3535533905932737*fccc[13];
  f_proj2_u[9] = (-0.4975526040028326*fucc[29])+0.4975526040028326*fccc[29]+0.3535533905932737*fucc[14]+0.3535533905932737*fccc[14];
  f_proj2_u[10] = 0.3458741190809163*fucc[45]+0.3458741190809163*fccc[45]-0.4975526040028326*fucc[31]+0.4975526040028326*fccc[31]+0.3535533905932737*fucc[17]+0.3535533905932737*fccc[17];
  f_proj2_u[11] = (-0.4975526040028326*fucc[32])+0.4975526040028326*fccc[32]+0.3535533905932737*fucc[21]+0.3535533905932737*fccc[21];
  f_proj2_u[12] = (-0.4975526040028326*fucc[34])+0.4975526040028326*fccc[34]+0.3535533905932737*fucc[23]+0.3535533905932737*fccc[23];
  f_proj2_u[13] = (-0.4975526040028326*fucc[35])+0.4975526040028326*fccc[35]+0.3535533905932737*fucc[25]+0.3535533905932737*fccc[25];
  f_proj2_u[14] = (-0.4975526040028326*fucc[40])+0.4975526040028326*fccc[40]+0.3535533905932737*fucc[27]+0.3535533905932737*fccc[27];
  f_proj2_u[15] = (-0.4975526040028326*fucc[41])+0.4975526040028326*fccc[41]+0.3535533905932737*fucc[28]+0.3535533905932737*fccc[28];
  f_proj2_u[16] = (-0.4975526040028326*fucc[43])+0.4975526040028326*fccc[43]+0.3535533905932737*fucc[30]+0.3535533905932737*fccc[30];
  f_proj2_u[17] = (-0.4975526040028326*fucc[44])+0.4975526040028326*fccc[44]+0.3535533905932737*fucc[37]+0.3535533905932737*fccc[37];
  f_proj2_u[18] = (-0.4975526040028326*fucc[46])+0.4975526040028326*fccc[46]+0.3535533905932737*fucc[39]+0.3535533905932737*fccc[39];
  f_proj2_u[19] = (-0.4975526040028326*fucc[47])+0.4975526040028326*fccc[47]+0.3535533905932737*fucc[42]+0.3535533905932737*fccc[42];

  out[0] +=  Jvxvx*(0.125*D_proj1_u[19]*df_proj1_u[19]-0.125*D_proj1_l[19]*df_proj1_l[19]+0.125*D_proj1_u[18]*df_proj1_u[18]-0.125*D_proj1_l[18]*df_proj1_l[18]+0.125*D_proj1_u[17]*df_proj1_u[17]-0.125*D_proj1_l[17]*df_proj1_l[17]+0.125*D_proj1_u[16]*df_proj1_u[16]-0.125*D_proj1_l[16]*df_proj1_l[16]+0.125*D_proj1_u[15]*df_proj1_u[15]-0.125*D_proj1_l[15]*df_proj1_l[15]+0.125*D_proj1_u[14]*df_proj1_u[14]-0.125*D_proj1_l[14]*df_proj1_l[14]+0.125*D_proj1_u[13]*df_proj1_u[13]-0.125*D_proj1_l[13]*df_proj1_l[13]+0.125*D_proj1_u[12]*df_proj1_u[12]-0.125*D_proj1_l[12]*df_proj1_l[12]+0.125*D_proj1_u[11]*df_proj1_u[11]-0.125*D_proj1_l[11]*df_proj1_l[11]+0.125*D_proj1_u[10]*df_proj1_u[10]-0.125*D_proj1_l[10]*df_proj1_l[10]+0.125*D_proj1_u[9]*df_proj1_u[9]-0.125*D_proj1_l[9]*df_proj1_l[9]+0.125*D_proj1_u[8]*df_proj1_u[8]-0.125*D_proj1_l[8]*df_proj1_l[8]+0.125*D_proj1_u[7]*df_proj1_u[7]-0.125*D_proj1_l[7]*df_proj1_l[7]+0.125*D_proj1_u[6]*df_proj1_u[6]-0.125*D_proj1_l[6]*df_proj1_l[6]+0.125*D_proj1_u[5]*df_proj1_u[5]-0.125*D_proj1_l[5]*df_proj1_l[5]+0.125*D_proj1_u[4]*df_proj1_u[4]-0.125*D_proj1_l[4]*df_proj1_l[4]+0.125*D_proj1_u[3]*df_proj1_u[3]-0.125*D_proj1_l[3]*df_proj1_l[3]+0.125*D_proj1_u[2]*df_proj1_u[2]-0.125*D_proj1_l[2]*df_proj1_l[2]+0.125*D_proj1_u[1]*df_proj1_u[1]-0.125*D_proj1_l[1]*df_proj1_l[1]+0.125*D_proj1_u[0]*df_proj1_u[0]-0.125*D_proj1_l[0]*df_proj1_l[0]);
  out[1] +=  Jvxvx*(0.125*D_proj1_u[16]*df_proj1_u[19]-0.125*D_proj1_l[16]*df_proj1_l[19]+0.125*df_proj1_u[16]*D_proj1_u[19]-0.125*df_proj1_l[16]*D_proj1_l[19]+0.125*D_proj1_u[14]*df_proj1_u[18]-0.125*D_proj1_l[14]*df_proj1_l[18]+0.125*df_proj1_u[14]*D_proj1_u[18]-0.125*df_proj1_l[14]*D_proj1_l[18]+0.1118033988749895*D_proj1_u[10]*df_proj1_u[17]-0.1118033988749895*D_proj1_l[10]*df_proj1_l[17]+0.1118033988749895*df_proj1_u[10]*D_proj1_u[17]-0.1118033988749895*df_proj1_l[10]*D_proj1_l[17]+0.125*D_proj1_u[9]*df_proj1_u[15]-0.125*D_proj1_l[9]*df_proj1_l[15]+0.125*df_proj1_u[9]*D_proj1_u[15]-0.125*df_proj1_l[9]*D_proj1_l[15]+0.1118033988749895*D_proj1_u[5]*df_proj1_u[13]-0.1118033988749895*D_proj1_l[5]*df_proj1_l[13]+0.1118033988749895*df_proj1_u[5]*D_proj1_u[13]-0.1118033988749895*df_proj1_l[5]*D_proj1_l[13]+0.125*D_proj1_u[8]*df_proj1_u[12]-0.125*D_proj1_l[8]*df_proj1_l[12]+0.125*df_proj1_u[8]*D_proj1_u[12]-0.125*df_proj1_l[8]*D_proj1_l[12]+0.1118033988749895*D_proj1_u[4]*df_proj1_u[11]-0.1118033988749895*D_proj1_l[4]*df_proj1_l[11]+0.1118033988749895*df_proj1_u[4]*D_proj1_u[11]-0.1118033988749895*df_proj1_l[4]*D_proj1_l[11]+0.125*D_proj1_u[6]*df_proj1_u[10]-0.125*D_proj1_l[6]*df_proj1_l[10]+0.125*df_proj1_u[6]*D_proj1_u[10]-0.125*df_proj1_l[6]*D_proj1_l[10]+0.1118033988749895*D_proj1_u[1]*df_proj1_u[7]-0.1118033988749895*D_proj1_l[1]*df_proj1_l[7]+0.1118033988749895*df_proj1_u[1]*D_proj1_u[7]-0.1118033988749895*df_proj1_l[1]*D_proj1_l[7]+0.125*D_proj1_u[3]*df_proj1_u[5]-0.125*D_proj1_l[3]*df_proj1_l[5]+0.125*df_proj1_u[3]*D_proj1_u[5]-0.125*df_proj1_l[3]*D_proj1_l[5]+0.125*D_proj1_u[2]*df_proj1_u[4]-0.125*D_proj1_l[2]*df_proj1_l[4]+0.125*df_proj1_u[2]*D_proj1_u[4]-0.125*df_proj1_l[2]*D_proj1_l[4]+0.125*D_proj1_u[0]*df_proj1_u[1]-0.125*D_proj1_l[0]*df_proj1_l[1]+0.125*df_proj1_u[0]*D_proj1_u[1]-0.125*df_proj1_l[0]*D_proj1_l[1]);
  out[2] +=  Jvxvx*((-0.2165063509461096*D_proj1_u[19]*f_proj2_u[19])+0.2165063509461096*D_proj1_l[19]*f_proj2_l[19]+0.2165063509461096*D_proj1_u[19]*df_proj1_u[19]+0.2165063509461096*D_proj1_l[19]*df_proj1_l[19]-0.2165063509461096*D_proj1_u[18]*f_proj2_u[18]+0.2165063509461096*D_proj1_l[18]*f_proj2_l[18]+0.2165063509461096*D_proj1_u[18]*df_proj1_u[18]+0.2165063509461096*D_proj1_l[18]*df_proj1_l[18]-0.2165063509461096*D_proj1_u[17]*f_proj2_u[17]+0.2165063509461096*D_proj1_l[17]*f_proj2_l[17]+0.2165063509461096*D_proj1_u[17]*df_proj1_u[17]+0.2165063509461096*D_proj1_l[17]*df_proj1_l[17]-0.2165063509461096*D_proj1_u[16]*f_proj2_u[16]+0.2165063509461096*D_proj1_l[16]*f_proj2_l[16]+0.2165063509461096*D_proj1_u[16]*df_proj1_u[16]+0.2165063509461096*D_proj1_l[16]*df_proj1_l[16]-0.2165063509461096*D_proj1_u[15]*f_proj2_u[15]+0.2165063509461096*D_proj1_l[15]*f_proj2_l[15]+0.2165063509461096*D_proj1_u[15]*df_proj1_u[15]+0.2165063509461096*D_proj1_l[15]*df_proj1_l[15]-0.2165063509461096*D_proj1_u[14]*f_proj2_u[14]+0.2165063509461096*D_proj1_l[14]*f_proj2_l[14]+0.2165063509461096*D_proj1_u[14]*df_proj1_u[14]+0.2165063509461096*D_proj1_l[14]*df_proj1_l[14]-0.2165063509461096*D_proj1_u[13]*f_proj2_u[13]+0.2165063509461096*D_proj1_l[13]*f_proj2_l[13]+0.2165063509461096*D_proj1_u[13]*df_proj1_u[13]+0.2165063509461096*D_proj1_l[13]*df_proj1_l[13]-0.2165063509461096*D_proj1_u[12]*f_proj2_u[12]+0.2165063509461096*D_proj1_l[12]*f_proj2_l[12]+0.2165063509461096*D_proj1_u[12]*df_proj1_u[12]+0.2165063509461096*D_proj1_l[12]*df_proj1_l[12]-0.2165063509461096*D_proj1_u[11]*f_proj2_u[11]+0.2165063509461096*D_proj1_l[11]*f_proj2_l[11]+0.2165063509461096*D_proj1_u[11]*df_proj1_u[11]+0.2165063509461096*D_proj1_l[11]*df_proj1_l[11]-0.2165063509461096*D_proj1_u[10]*f_proj2_u[10]+0.2165063509461096*D_proj1_l[10]*f_proj2_l[10]+0.2165063509461096*D_proj1_u[10]*df_proj1_u[10]+0.2165063509461096*D_proj1_l[10]*df_proj1_l[10]-0.2165063509461096*D_proj1_u[9]*f_proj2_u[9]+0.2165063509461096*D_proj1_l[9]*f_proj2_l[9]+0.2165063509461096*D_proj1_u[9]*df_proj1_u[9]+0.2165063509461096*D_proj1_l[9]*df_proj1_l[9]-0.2165063509461096*D_proj1_u[8]*f_proj2_u[8]+0.2165063509461096*D_proj1_l[8]*f_proj2_l[8]+0.2165063509461096*D_proj1_u[8]*df_proj1_u[8]+0.2165063509461096*D_proj1_l[8]*df_proj1_l[8]-0.2165063509461096*D_proj1_u[7]*f_proj2_u[7]+0.2165063509461096*D_proj1_l[7]*f_proj2_l[7]+0.2165063509461096*D_proj1_u[7]*df_proj1_u[7]+0.2165063509461096*D_proj1_l[7]*df_proj1_l[7]-0.2165063509461096*D_proj1_u[6]*f_proj2_u[6]+0.2165063509461096*D_proj1_l[6]*f_proj2_l[6]+0.2165063509461096*D_proj1_u[6]*df_proj1_u[6]+0.2165063509461096*D_proj1_l[6]*df_proj1_l[6]-0.2165063509461096*D_proj1_u[5]*f_proj2_u[5]+0.2165063509461096*D_proj1_l[5]*f_proj2_l[5]+0.2165063509461096*D_proj1_u[5]*df_proj1_u[5]+0.2165063509461096*D_proj1_l[5]*df_proj1_l[5]-0.2165063509461096*D_proj1_u[4]*f_proj2_u[4]+0.2165063509461096*D_proj1_l[4]*f_proj2_l[4]+0.2165063509461096*D_proj1_u[4]*df_proj1_u[4]+0.2165063509461096*D_proj1_l[4]*df_proj1_l[4]-0.2165063509461096*D_proj1_u[3]*f_proj2_u[3]+0.2165063509461096*D_proj1_l[3]*f_proj2_l[3]+0.2165063509461096*D_proj1_u[3]*df_proj1_u[3]+0.2165063509461096*D_proj1_l[3]*df_proj1_l[3]-0.2165063509461096*D_proj1_u[2]*f_proj2_u[2]+0.2165063509461096*D_proj1_l[2]*f_proj2_l[2]+0.2165063509461096*D_proj1_u[2]*df_proj1_u[2]+0.2165063509461096*D_proj1_l[2]*df_proj1_l[2]-0.2165063509461096*D_proj1_u[1]*f_proj2_u[1]+0.2165063509461096*D_proj1_l[1]*f_proj2_l[1]+0.2165063509461096*D_proj1_u[1]*df_proj1_u[1]+0.2165063509461096*D_proj1_l[1]*df_proj1_l[1]-0.2165063509461096*D_proj1_u[0]*f_proj2_u[0]+0.2165063509461096*D_proj1_l[0]*f_proj2_l[0]+0.2165063509461096*D_proj1_u[0]*df_proj1_u[0]+0.2165063509461096*D_proj1_l[0]*df_proj1_l[0]);
  out[3] +=  Jvxvx*(0.125*D_proj1_u[15]*df_proj1_u[19]-0.125*D_proj1_l[15]*df_proj1_l[19]+0.125*df_proj1_u[15]*D_proj1_u[19]-0.125*df_proj1_l[15]*D_proj1_l[19]+0.1118033988749895*D_proj1_u[10]*df_proj1_u[18]-0.1118033988749895*D_proj1_l[10]*df_proj1_l[18]+0.1118033988749895*df_proj1_u[10]*D_proj1_u[18]-0.1118033988749895*df_proj1_l[10]*D_proj1_l[18]+0.125*D_proj1_u[13]*df_proj1_u[17]-0.125*D_proj1_l[13]*df_proj1_l[17]+0.125*df_proj1_u[13]*D_proj1_u[17]-0.125*df_proj1_l[13]*D_proj1_l[17]+0.125*D_proj1_u[9]*df_proj1_u[16]-0.125*D_proj1_l[9]*df_proj1_l[16]+0.125*df_proj1_u[9]*D_proj1_u[16]-0.125*df_proj1_l[9]*D_proj1_l[16]+0.1118033988749895*D_proj1_u[6]*df_proj1_u[14]-0.1118033988749895*D_proj1_l[6]*df_proj1_l[14]+0.1118033988749895*df_proj1_u[6]*D_proj1_u[14]-0.1118033988749895*df_proj1_l[6]*D_proj1_l[14]+0.1118033988749895*D_proj1_u[4]*df_proj1_u[12]-0.1118033988749895*D_proj1_l[4]*df_proj1_l[12]+0.1118033988749895*df_proj1_u[4]*D_proj1_u[12]-0.1118033988749895*df_proj1_l[4]*D_proj1_l[12]+0.125*D_proj1_u[7]*df_proj1_u[11]-0.125*D_proj1_l[7]*df_proj1_l[11]+0.125*df_proj1_u[7]*D_proj1_u[11]-0.125*df_proj1_l[7]*D_proj1_l[11]+0.125*D_proj1_u[5]*df_proj1_u[10]-0.125*D_proj1_l[5]*df_proj1_l[10]+0.125*df_proj1_u[5]*D_proj1_u[10]-0.125*df_proj1_l[5]*D_proj1_l[10]+0.1118033988749895*D_proj1_u[2]*df_proj1_u[8]-0.1118033988749895*D_proj1_l[2]*df_proj1_l[8]+0.1118033988749895*df_proj1_u[2]*D_proj1_u[8]-0.1118033988749895*df_proj1_l[2]*D_proj1_l[8]+0.125*D_proj1_u[3]*df_proj1_u[6]-0.125*D_proj1_l[3]*df_proj1_l[6]+0.125*df_proj1_u[3]*D_proj1_u[6]-0.125*df_proj1_l[3]*D_proj1_l[6]+0.125*D_proj1_u[1]*df_proj1_u[4]-0.125*D_proj1_l[1]*df_proj1_l[4]+0.125*df_proj1_u[1]*D_proj1_u[4]-0.125*df_proj1_l[1]*D_proj1_l[4]+0.125*D_proj1_u[0]*df_proj1_u[2]-0.125*D_proj1_l[0]*df_proj1_l[2]+0.125*df_proj1_u[0]*D_proj1_u[2]-0.125*df_proj1_l[0]*D_proj1_l[2]);
  out[4] +=  Jvxvx*(0.1118033988749895*D_proj1_u[10]*df_proj1_u[19]-0.1118033988749895*D_proj1_l[10]*df_proj1_l[19]+0.1118033988749895*df_proj1_u[10]*D_proj1_u[19]-0.1118033988749895*df_proj1_l[10]*D_proj1_l[19]+0.125*D_proj1_u[12]*df_proj1_u[18]-0.125*D_proj1_l[12]*df_proj1_l[18]+0.125*df_proj1_u[12]*D_proj1_u[18]-0.125*df_proj1_l[12]*D_proj1_l[18]+0.125*D_proj1_u[11]*df_proj1_u[17]-0.125*D_proj1_l[11]*df_proj1_l[17]+0.125*df_proj1_u[11]*D_proj1_u[17]-0.125*df_proj1_l[11]*D_proj1_l[17]+0.1118033988749895*D_proj1_u[6]*df_proj1_u[16]-0.1118033988749895*D_proj1_l[6]*df_proj1_l[16]+0.1118033988749895*df_proj1_u[6]*D_proj1_u[16]-0.1118033988749895*df_proj1_l[6]*D_proj1_l[16]+0.1118033988749895*D_proj1_u[5]*df_proj1_u[15]-0.1118033988749895*D_proj1_l[5]*df_proj1_l[15]+0.1118033988749895*df_proj1_u[5]*D_proj1_u[15]-0.1118033988749895*df_proj1_l[5]*D_proj1_l[15]+0.125*D_proj1_u[8]*df_proj1_u[14]-0.125*D_proj1_l[8]*df_proj1_l[14]+0.125*df_proj1_u[8]*D_proj1_u[14]-0.125*df_proj1_l[8]*D_proj1_l[14]+0.125*D_proj1_u[7]*df_proj1_u[13]-0.125*D_proj1_l[7]*df_proj1_l[13]+0.125*df_proj1_u[7]*D_proj1_u[13]-0.125*df_proj1_l[7]*D_proj1_l[13]+0.125*D_proj1_u[4]*df_proj1_u[10]-0.125*D_proj1_l[4]*df_proj1_l[10]+0.125*df_proj1_u[4]*D_proj1_u[10]-0.125*df_proj1_l[4]*D_proj1_l[10]+0.1118033988749895*D_proj1_u[3]*df_proj1_u[9]-0.1118033988749895*D_proj1_l[3]*df_proj1_l[9]+0.1118033988749895*df_proj1_u[3]*D_proj1_u[9]-0.1118033988749895*df_proj1_l[3]*D_proj1_l[9]+0.125*D_proj1_u[2]*df_proj1_u[6]-0.125*D_proj1_l[2]*df_proj1_l[6]+0.125*df_proj1_u[2]*D_proj1_u[6]-0.125*df_proj1_l[2]*D_proj1_l[6]+0.125*D_proj1_u[1]*df_proj1_u[5]-0.125*D_proj1_l[1]*df_proj1_l[5]+0.125*df_proj1_u[1]*D_proj1_u[5]-0.125*df_proj1_l[1]*D_proj1_l[5]+0.125*D_proj1_u[0]*df_proj1_u[3]-0.125*D_proj1_l[0]*df_proj1_l[3]+0.125*df_proj1_u[0]*D_proj1_u[3]-0.125*df_proj1_l[0]*D_proj1_l[3]);
  out[5] +=  Jvxvx*((-0.2165063509461097*D_proj1_u[16]*f_proj2_u[19])+0.2165063509461097*D_proj1_l[16]*f_proj2_l[19]+0.2165063509461097*D_proj1_u[16]*df_proj1_u[19]+0.2165063509461097*D_proj1_l[16]*df_proj1_l[19]-0.2165063509461097*f_proj2_u[16]*D_proj1_u[19]+0.2165063509461097*df_proj1_u[16]*D_proj1_u[19]+0.2165063509461097*f_proj2_l[16]*D_proj1_l[19]+0.2165063509461097*df_proj1_l[16]*D_proj1_l[19]-0.2165063509461097*D_proj1_u[14]*f_proj2_u[18]+0.2165063509461097*D_proj1_l[14]*f_proj2_l[18]+0.2165063509461097*D_proj1_u[14]*df_proj1_u[18]+0.2165063509461097*D_proj1_l[14]*df_proj1_l[18]-0.2165063509461097*f_proj2_u[14]*D_proj1_u[18]+0.2165063509461097*df_proj1_u[14]*D_proj1_u[18]+0.2165063509461097*f_proj2_l[14]*D_proj1_l[18]+0.2165063509461097*df_proj1_l[14]*D_proj1_l[18]-0.1936491673103708*D_proj1_u[10]*f_proj2_u[17]+0.1936491673103708*D_proj1_l[10]*f_proj2_l[17]+0.1936491673103708*D_proj1_u[10]*df_proj1_u[17]+0.1936491673103708*D_proj1_l[10]*df_proj1_l[17]-0.1936491673103708*f_proj2_u[10]*D_proj1_u[17]+0.1936491673103708*df_proj1_u[10]*D_proj1_u[17]+0.1936491673103708*f_proj2_l[10]*D_proj1_l[17]+0.1936491673103708*df_proj1_l[10]*D_proj1_l[17]-0.2165063509461097*D_proj1_u[9]*f_proj2_u[15]+0.2165063509461097*D_proj1_l[9]*f_proj2_l[15]+0.2165063509461097*D_proj1_u[9]*df_proj1_u[15]+0.2165063509461097*D_proj1_l[9]*df_proj1_l[15]-0.2165063509461097*f_proj2_u[9]*D_proj1_u[15]+0.2165063509461097*df_proj1_u[9]*D_proj1_u[15]+0.2165063509461097*f_proj2_l[9]*D_proj1_l[15]+0.2165063509461097*df_proj1_l[9]*D_proj1_l[15]-0.1936491673103709*D_proj1_u[5]*f_proj2_u[13]+0.1936491673103709*D_proj1_l[5]*f_proj2_l[13]+0.1936491673103709*D_proj1_u[5]*df_proj1_u[13]+0.1936491673103709*D_proj1_l[5]*df_proj1_l[13]-0.1936491673103709*f_proj2_u[5]*D_proj1_u[13]+0.1936491673103709*df_proj1_u[5]*D_proj1_u[13]+0.1936491673103709*f_proj2_l[5]*D_proj1_l[13]+0.1936491673103709*df_proj1_l[5]*D_proj1_l[13]-0.2165063509461097*D_proj1_u[8]*f_proj2_u[12]+0.2165063509461097*D_proj1_l[8]*f_proj2_l[12]+0.2165063509461097*D_proj1_u[8]*df_proj1_u[12]+0.2165063509461097*D_proj1_l[8]*df_proj1_l[12]-0.2165063509461097*f_proj2_u[8]*D_proj1_u[12]+0.2165063509461097*df_proj1_u[8]*D_proj1_u[12]+0.2165063509461097*f_proj2_l[8]*D_proj1_l[12]+0.2165063509461097*df_proj1_l[8]*D_proj1_l[12]-0.1936491673103709*D_proj1_u[4]*f_proj2_u[11]+0.1936491673103709*D_proj1_l[4]*f_proj2_l[11]+0.1936491673103709*D_proj1_u[4]*df_proj1_u[11]+0.1936491673103709*D_proj1_l[4]*df_proj1_l[11]-0.1936491673103709*f_proj2_u[4]*D_proj1_u[11]+0.1936491673103709*df_proj1_u[4]*D_proj1_u[11]+0.1936491673103709*f_proj2_l[4]*D_proj1_l[11]+0.1936491673103709*df_proj1_l[4]*D_proj1_l[11]-0.2165063509461096*D_proj1_u[6]*f_proj2_u[10]+0.2165063509461096*D_proj1_l[6]*f_proj2_l[10]+0.2165063509461096*D_proj1_u[6]*df_proj1_u[10]+0.2165063509461096*D_proj1_l[6]*df_proj1_l[10]-0.2165063509461096*f_proj2_u[6]*D_proj1_u[10]+0.2165063509461096*df_proj1_u[6]*D_proj1_u[10]+0.2165063509461096*f_proj2_l[6]*D_proj1_l[10]+0.2165063509461096*df_proj1_l[6]*D_proj1_l[10]-0.1936491673103708*D_proj1_u[1]*f_proj2_u[7]+0.1936491673103708*D_proj1_l[1]*f_proj2_l[7]+0.1936491673103708*D_proj1_u[1]*df_proj1_u[7]+0.1936491673103708*D_proj1_l[1]*df_proj1_l[7]-0.1936491673103708*f_proj2_u[1]*D_proj1_u[7]+0.1936491673103708*df_proj1_u[1]*D_proj1_u[7]+0.1936491673103708*f_proj2_l[1]*D_proj1_l[7]+0.1936491673103708*df_proj1_l[1]*D_proj1_l[7]-0.2165063509461096*D_proj1_u[3]*f_proj2_u[5]+0.2165063509461096*D_proj1_l[3]*f_proj2_l[5]+0.2165063509461096*D_proj1_u[3]*df_proj1_u[5]+0.2165063509461096*D_proj1_l[3]*df_proj1_l[5]-0.2165063509461096*f_proj2_u[3]*D_proj1_u[5]+0.2165063509461096*df_proj1_u[3]*D_proj1_u[5]+0.2165063509461096*f_proj2_l[3]*D_proj1_l[5]+0.2165063509461096*df_proj1_l[3]*D_proj1_l[5]-0.2165063509461096*D_proj1_u[2]*f_proj2_u[4]+0.2165063509461096*D_proj1_l[2]*f_proj2_l[4]+0.2165063509461096*D_proj1_u[2]*df_proj1_u[4]+0.2165063509461096*D_proj1_l[2]*df_proj1_l[4]-0.2165063509461096*f_proj2_u[2]*D_proj1_u[4]+0.2165063509461096*df_proj1_u[2]*D_proj1_u[4]+0.2165063509461096*f_proj2_l[2]*D_proj1_l[4]+0.2165063509461096*df_proj1_l[2]*D_proj1_l[4]-0.2165063509461096*D_proj1_u[0]*f_proj2_u[1]+0.2165063509461096*D_proj1_l[0]*f_proj2_l[1]+0.2165063509461096*D_proj1_u[0]*df_proj1_u[1]+0.2165063509461096*D_proj1_l[0]*df_proj1_l[1]-0.2165063509461096*f_proj2_u[0]*D_proj1_u[1]+0.2165063509461096*df_proj1_u[0]*D_proj1_u[1]+0.2165063509461096*f_proj2_l[0]*D_proj1_l[1]+0.2165063509461096*df_proj1_l[0]*D_proj1_l[1]);
  out[6] +=  Jvxvx*(0.125*D_proj1_u[9]*df_proj1_u[19]-0.125*D_proj1_l[9]*df_proj1_l[19]+0.125*df_proj1_u[9]*D_proj1_u[19]-0.125*df_proj1_l[9]*D_proj1_l[19]+0.1*D_proj1_u[17]*df_proj1_u[18]+0.1118033988749895*D_proj1_u[6]*df_proj1_u[18]-0.1*D_proj1_l[17]*df_proj1_l[18]-0.1118033988749895*D_proj1_l[6]*df_proj1_l[18]+0.1*df_proj1_u[17]*D_proj1_u[18]+0.1118033988749895*df_proj1_u[6]*D_proj1_u[18]-0.1*df_proj1_l[17]*D_proj1_l[18]-0.1118033988749895*df_proj1_l[6]*D_proj1_l[18]+0.1118033988749895*D_proj1_u[5]*df_proj1_u[17]-0.1118033988749895*D_proj1_l[5]*df_proj1_l[17]+0.1118033988749895*df_proj1_u[5]*D_proj1_u[17]-0.1118033988749895*df_proj1_l[5]*D_proj1_l[17]+0.125*D_proj1_u[15]*df_proj1_u[16]-0.125*D_proj1_l[15]*df_proj1_l[16]+0.125*df_proj1_u[15]*D_proj1_u[16]-0.125*df_proj1_l[15]*D_proj1_l[16]+0.1118033988749895*D_proj1_u[10]*df_proj1_u[14]-0.1118033988749895*D_proj1_l[10]*df_proj1_l[14]+0.1118033988749895*df_proj1_u[10]*D_proj1_u[14]-0.1118033988749895*df_proj1_l[10]*D_proj1_l[14]+0.1118033988749895*D_proj1_u[10]*df_proj1_u[13]-0.1118033988749895*D_proj1_l[10]*df_proj1_l[13]+0.1118033988749895*df_proj1_u[10]*D_proj1_u[13]-0.1118033988749895*df_proj1_l[10]*D_proj1_l[13]+0.1*D_proj1_u[11]*df_proj1_u[12]+0.1118033988749895*D_proj1_u[2]*df_proj1_u[12]-0.1*D_proj1_l[11]*df_proj1_l[12]-0.1118033988749895*D_proj1_l[2]*df_proj1_l[12]+0.1*df_proj1_u[11]*D_proj1_u[12]+0.1118033988749895*df_proj1_u[2]*D_proj1_u[12]-0.1*df_proj1_l[11]*D_proj1_l[12]-0.1118033988749895*df_proj1_l[2]*D_proj1_l[12]+0.1118033988749895*D_proj1_u[1]*df_proj1_u[11]-0.1118033988749895*D_proj1_l[1]*df_proj1_l[11]+0.1118033988749895*df_proj1_u[1]*D_proj1_u[11]-0.1118033988749895*df_proj1_l[1]*D_proj1_l[11]+0.125*D_proj1_u[3]*df_proj1_u[10]-0.125*D_proj1_l[3]*df_proj1_l[10]+0.125*df_proj1_u[3]*D_proj1_u[10]-0.125*df_proj1_l[3]*D_proj1_l[10]+0.1118033988749895*D_proj1_u[4]*df_proj1_u[8]-0.1118033988749895*D_proj1_l[4]*df_proj1_l[8]+0.1118033988749895*df_proj1_u[4]*D_proj1_u[8]-0.1118033988749895*df_proj1_l[4]*D_proj1_l[8]+0.1118033988749895*D_proj1_u[4]*df_proj1_u[7]-0.1118033988749895*D_proj1_l[4]*df_proj1_l[7]+0.1118033988749895*df_proj1_u[4]*D_proj1_u[7]-0.1118033988749895*df_proj1_l[4]*D_proj1_l[7]+0.125*D_proj1_u[5]*df_proj1_u[6]-0.125*D_proj1_l[5]*df_proj1_l[6]+0.125*df_proj1_u[5]*D_proj1_u[6]-0.125*df_proj1_l[5]*D_proj1_l[6]+0.125*D_proj1_u[0]*df_proj1_u[4]-0.125*D_proj1_l[0]*df_proj1_l[4]+0.125*df_proj1_u[0]*D_proj1_u[4]-0.125*df_proj1_l[0]*D_proj1_l[4]+0.125*D_proj1_u[1]*df_proj1_u[2]-0.125*D_proj1_l[1]*df_proj1_l[2]+0.125*df_proj1_u[1]*D_proj1_u[2]-0.125*df_proj1_l[1]*D_proj1_l[2]);
  out[7] +=  Jvxvx*((-0.2165063509461097*D_proj1_u[15]*f_proj2_u[19])+0.2165063509461097*D_proj1_l[15]*f_proj2_l[19]+0.2165063509461097*D_proj1_u[15]*df_proj1_u[19]+0.2165063509461097*D_proj1_l[15]*df_proj1_l[19]-0.2165063509461097*f_proj2_u[15]*D_proj1_u[19]+0.2165063509461097*df_proj1_u[15]*D_proj1_u[19]+0.2165063509461097*f_proj2_l[15]*D_proj1_l[19]+0.2165063509461097*df_proj1_l[15]*D_proj1_l[19]-0.1936491673103708*D_proj1_u[10]*f_proj2_u[18]+0.1936491673103708*D_proj1_l[10]*f_proj2_l[18]+0.1936491673103708*D_proj1_u[10]*df_proj1_u[18]+0.1936491673103708*D_proj1_l[10]*df_proj1_l[18]-0.1936491673103708*f_proj2_u[10]*D_proj1_u[18]+0.1936491673103708*df_proj1_u[10]*D_proj1_u[18]+0.1936491673103708*f_proj2_l[10]*D_proj1_l[18]+0.1936491673103708*df_proj1_l[10]*D_proj1_l[18]-0.2165063509461097*D_proj1_u[13]*f_proj2_u[17]+0.2165063509461097*D_proj1_l[13]*f_proj2_l[17]+0.2165063509461097*D_proj1_u[13]*df_proj1_u[17]+0.2165063509461097*D_proj1_l[13]*df_proj1_l[17]-0.2165063509461097*f_proj2_u[13]*D_proj1_u[17]+0.2165063509461097*df_proj1_u[13]*D_proj1_u[17]+0.2165063509461097*f_proj2_l[13]*D_proj1_l[17]+0.2165063509461097*df_proj1_l[13]*D_proj1_l[17]-0.2165063509461097*D_proj1_u[9]*f_proj2_u[16]+0.2165063509461097*D_proj1_l[9]*f_proj2_l[16]+0.2165063509461097*D_proj1_u[9]*df_proj1_u[16]+0.2165063509461097*D_proj1_l[9]*df_proj1_l[16]-0.2165063509461097*f_proj2_u[9]*D_proj1_u[16]+0.2165063509461097*df_proj1_u[9]*D_proj1_u[16]+0.2165063509461097*f_proj2_l[9]*D_proj1_l[16]+0.2165063509461097*df_proj1_l[9]*D_proj1_l[16]-0.1936491673103709*D_proj1_u[6]*f_proj2_u[14]+0.1936491673103709*D_proj1_l[6]*f_proj2_l[14]+0.1936491673103709*D_proj1_u[6]*df_proj1_u[14]+0.1936491673103709*D_proj1_l[6]*df_proj1_l[14]-0.1936491673103709*f_proj2_u[6]*D_proj1_u[14]+0.1936491673103709*df_proj1_u[6]*D_proj1_u[14]+0.1936491673103709*f_proj2_l[6]*D_proj1_l[14]+0.1936491673103709*df_proj1_l[6]*D_proj1_l[14]-0.1936491673103709*D_proj1_u[4]*f_proj2_u[12]+0.1936491673103709*D_proj1_l[4]*f_proj2_l[12]+0.1936491673103709*D_proj1_u[4]*df_proj1_u[12]+0.1936491673103709*D_proj1_l[4]*df_proj1_l[12]-0.1936491673103709*f_proj2_u[4]*D_proj1_u[12]+0.1936491673103709*df_proj1_u[4]*D_proj1_u[12]+0.1936491673103709*f_proj2_l[4]*D_proj1_l[12]+0.1936491673103709*df_proj1_l[4]*D_proj1_l[12]-0.2165063509461097*D_proj1_u[7]*f_proj2_u[11]+0.2165063509461097*D_proj1_l[7]*f_proj2_l[11]+0.2165063509461097*D_proj1_u[7]*df_proj1_u[11]+0.2165063509461097*D_proj1_l[7]*df_proj1_l[11]-0.2165063509461097*f_proj2_u[7]*D_proj1_u[11]+0.2165063509461097*df_proj1_u[7]*D_proj1_u[11]+0.2165063509461097*f_proj2_l[7]*D_proj1_l[11]+0.2165063509461097*df_proj1_l[7]*D_proj1_l[11]-0.2165063509461096*D_proj1_u[5]*f_proj2_u[10]+0.2165063509461096*D_proj1_l[5]*f_proj2_l[10]+0.2165063509461096*D_proj1_u[5]*df_proj1_u[10]+0.2165063509461096*D_proj1_l[5]*df_proj1_l[10]-0.2165063509461096*f_proj2_u[5]*D_proj1_u[10]+0.2165063509461096*df_proj1_u[5]*D_proj1_u[10]+0.2165063509461096*f_proj2_l[5]*D_proj1_l[10]+0.2165063509461096*df_proj1_l[5]*D_proj1_l[10]-0.1936491673103708*D_proj1_u[2]*f_proj2_u[8]+0.1936491673103708*D_proj1_l[2]*f_proj2_l[8]+0.1936491673103708*D_proj1_u[2]*df_proj1_u[8]+0.1936491673103708*D_proj1_l[2]*df_proj1_l[8]-0.1936491673103708*f_proj2_u[2]*D_proj1_u[8]+0.1936491673103708*df_proj1_u[2]*D_proj1_u[8]+0.1936491673103708*f_proj2_l[2]*D_proj1_l[8]+0.1936491673103708*df_proj1_l[2]*D_proj1_l[8]-0.2165063509461096*D_proj1_u[3]*f_proj2_u[6]+0.2165063509461096*D_proj1_l[3]*f_proj2_l[6]+0.2165063509461096*D_proj1_u[3]*df_proj1_u[6]+0.2165063509461096*D_proj1_l[3]*df_proj1_l[6]-0.2165063509461096*f_proj2_u[3]*D_proj1_u[6]+0.2165063509461096*df_proj1_u[3]*D_proj1_u[6]+0.2165063509461096*f_proj2_l[3]*D_proj1_l[6]+0.2165063509461096*df_proj1_l[3]*D_proj1_l[6]-0.2165063509461096*D_proj1_u[1]*f_proj2_u[4]+0.2165063509461096*D_proj1_l[1]*f_proj2_l[4]+0.2165063509461096*D_proj1_u[1]*df_proj1_u[4]+0.2165063509461096*D_proj1_l[1]*df_proj1_l[4]-0.2165063509461096*f_proj2_u[1]*D_proj1_u[4]+0.2165063509461096*df_proj1_u[1]*D_proj1_u[4]+0.2165063509461096*f_proj2_l[1]*D_proj1_l[4]+0.2165063509461096*df_proj1_l[1]*D_proj1_l[4]-0.2165063509461096*D_proj1_u[0]*f_proj2_u[2]+0.2165063509461096*D_proj1_l[0]*f_proj2_l[2]+0.2165063509461096*D_proj1_u[0]*df_proj1_u[2]+0.2165063509461096*D_proj1_l[0]*df_proj1_l[2]-0.2165063509461096*f_proj2_u[0]*D_proj1_u[2]+0.2165063509461096*df_proj1_u[0]*D_proj1_u[2]+0.2165063509461096*f_proj2_l[0]*D_proj1_l[2]+0.2165063509461096*df_proj1_l[0]*D_proj1_l[2]);
