#include <gkyl_vlasov_kernels.h> 
GKYL_CU_DH double vlasov_stream_gen_geo_vol_3x3v_ser_p1(const double *w, const double *dxv, const double *cot_vec, const double *f, double* GKYL_RESTRICT out) 
{ 
  // w[NDIM]:   Cell-center coordinates.
  // dxv[NDIM]: Cell spacing.
  // cot_vec:   cotangent vectors.
  // f:         Input distribution function.
  // out:       Incremented output.
  double w3Ddx0  = w[3]/dxv[0]; 
  double dv3Ddx0 = dxv[3]/dxv[0]; 
  double w4Ddx1  = w[4]/dxv[1]; 
  double dv4Ddx1 = dxv[4]/dxv[1]; 
  double w5Ddx2  = w[5]/dxv[2]; 
  double dv5Ddx2 = dxv[5]/dxv[2]; 
  double Gbar[8] = {0.0}; 

  Gbar[0] = 1.224744871391589*f[0]*w3Ddx0+0.3535533905932737*f[4]*dv3Ddx0; 
  Gbar[1] = 1.224744871391589*f[1]*w3Ddx0+0.3535533905932737*f[10]*dv3Ddx0; 
  Gbar[2] = 1.224744871391589*f[2]*w3Ddx0+0.3535533905932737*f[11]*dv3Ddx0; 
  Gbar[3] = 1.224744871391589*f[3]*w3Ddx0+0.3535533905932737*f[12]*dv3Ddx0; 
  Gbar[4] = 1.224744871391589*f[7]*w3Ddx0+0.3535533905932737*f[23]*dv3Ddx0; 
  Gbar[5] = 1.224744871391589*f[8]*w3Ddx0+0.3535533905932737*f[24]*dv3Ddx0; 
  Gbar[6] = 1.224744871391589*f[9]*w3Ddx0+0.3535533905932737*f[25]*dv3Ddx0; 
  Gbar[7] = 1.224744871391589*f[22]*w3Ddx0+0.3535533905932737*f[42]*dv3Ddx0; 
  out[1] += 0.25*((2.0*Gbar[7]+1.732050807568877*Gbar[4])*cot_vec[7]+1.732050807568877*cot_vec[4]*Gbar[7]+(2.0*Gbar[6]+1.732050807568877*Gbar[2])*cot_vec[6]+1.732050807568877*cot_vec[2]*Gbar[6]+(2.0*Gbar[5]+1.732050807568877*Gbar[1])*cot_vec[5]+1.732050807568877*cot_vec[1]*Gbar[5]+2.0*Gbar[4]*cot_vec[4]+(2.0*Gbar[3]+1.732050807568877*Gbar[0])*cot_vec[3]+1.732050807568877*cot_vec[0]*Gbar[3]+2.0*Gbar[2]*cot_vec[2]+2.0*Gbar[1]*cot_vec[1]+2.0*Gbar[0]*cot_vec[0])+0.25*((2.0*Gbar[7]-1.732050807568877*Gbar[4])*cot_vec[7]-1.732050807568877*cot_vec[4]*Gbar[7]+(2.0*Gbar[6]-1.732050807568877*Gbar[2])*cot_vec[6]-1.732050807568877*cot_vec[2]*Gbar[6]+(2.0*Gbar[5]-1.732050807568877*Gbar[1])*cot_vec[5]-1.732050807568877*cot_vec[1]*Gbar[5]+2.0*Gbar[4]*cot_vec[4]+(2.0*Gbar[3]-1.732050807568877*Gbar[0])*cot_vec[3]-1.732050807568877*cot_vec[0]*Gbar[3]+2.0*Gbar[2]*cot_vec[2]+2.0*Gbar[1]*cot_vec[1]+2.0*Gbar[0]*cot_vec[0]); 

  Gbar[0] = 1.224744871391589*f[2]*w3Ddx0+0.3535533905932737*f[11]*dv3Ddx0; 
  Gbar[1] = 1.224744871391589*f[7]*w3Ddx0+0.3535533905932737*f[23]*dv3Ddx0; 
  Gbar[2] = 1.224744871391589*f[0]*w3Ddx0+0.3535533905932737*f[4]*dv3Ddx0; 
  Gbar[3] = 1.224744871391589*f[9]*w3Ddx0+0.3535533905932737*f[25]*dv3Ddx0; 
  Gbar[4] = 1.224744871391589*f[1]*w3Ddx0+0.3535533905932737*f[10]*dv3Ddx0; 
  Gbar[5] = 1.224744871391589*f[22]*w3Ddx0+0.3535533905932737*f[42]*dv3Ddx0; 
  Gbar[6] = 1.224744871391589*f[3]*w3Ddx0+0.3535533905932737*f[12]*dv3Ddx0; 
  Gbar[7] = 1.224744871391589*f[8]*w3Ddx0+0.3535533905932737*f[24]*dv3Ddx0; 
  out[7] += 0.25*((2.0*Gbar[7]+1.732050807568877*Gbar[4])*cot_vec[7]+1.732050807568877*cot_vec[4]*Gbar[7]+(2.0*Gbar[6]+1.732050807568877*Gbar[2])*cot_vec[6]+1.732050807568877*cot_vec[2]*Gbar[6]+(2.0*Gbar[5]+1.732050807568877*Gbar[1])*cot_vec[5]+1.732050807568877*cot_vec[1]*Gbar[5]+2.0*Gbar[4]*cot_vec[4]+(2.0*Gbar[3]+1.732050807568877*Gbar[0])*cot_vec[3]+1.732050807568877*cot_vec[0]*Gbar[3]+2.0*Gbar[2]*cot_vec[2]+2.0*Gbar[1]*cot_vec[1]+2.0*Gbar[0]*cot_vec[0])+0.25*((2.0*Gbar[7]-1.732050807568877*Gbar[4])*cot_vec[7]-1.732050807568877*cot_vec[4]*Gbar[7]+(2.0*Gbar[6]-1.732050807568877*Gbar[2])*cot_vec[6]-1.732050807568877*cot_vec[2]*Gbar[6]+(2.0*Gbar[5]-1.732050807568877*Gbar[1])*cot_vec[5]-1.732050807568877*cot_vec[1]*Gbar[5]+2.0*Gbar[4]*cot_vec[4]+(2.0*Gbar[3]-1.732050807568877*Gbar[0])*cot_vec[3]-1.732050807568877*cot_vec[0]*Gbar[3]+2.0*Gbar[2]*cot_vec[2]+2.0*Gbar[1]*cot_vec[1]+2.0*Gbar[0]*cot_vec[0]); 

  Gbar[0] = 1.224744871391589*f[3]*w3Ddx0+0.3535533905932737*f[12]*dv3Ddx0; 
  Gbar[1] = 1.224744871391589*f[8]*w3Ddx0+0.3535533905932737*f[24]*dv3Ddx0; 
  Gbar[2] = 1.224744871391589*f[9]*w3Ddx0+0.3535533905932737*f[25]*dv3Ddx0; 
  Gbar[3] = 1.224744871391589*f[0]*w3Ddx0+0.3535533905932737*f[4]*dv3Ddx0; 
  Gbar[4] = 1.224744871391589*f[22]*w3Ddx0+0.3535533905932737*f[42]*dv3Ddx0; 
  Gbar[5] = 1.224744871391589*f[1]*w3Ddx0+0.3535533905932737*f[10]*dv3Ddx0; 
  Gbar[6] = 1.224744871391589*f[2]*w3Ddx0+0.3535533905932737*f[11]*dv3Ddx0; 
  Gbar[7] = 1.224744871391589*f[7]*w3Ddx0+0.3535533905932737*f[23]*dv3Ddx0; 
  out[8] += 0.25*((2.0*Gbar[7]+1.732050807568877*Gbar[4])*cot_vec[7]+1.732050807568877*cot_vec[4]*Gbar[7]+(2.0*Gbar[6]+1.732050807568877*Gbar[2])*cot_vec[6]+1.732050807568877*cot_vec[2]*Gbar[6]+(2.0*Gbar[5]+1.732050807568877*Gbar[1])*cot_vec[5]+1.732050807568877*cot_vec[1]*Gbar[5]+2.0*Gbar[4]*cot_vec[4]+(2.0*Gbar[3]+1.732050807568877*Gbar[0])*cot_vec[3]+1.732050807568877*cot_vec[0]*Gbar[3]+2.0*Gbar[2]*cot_vec[2]+2.0*Gbar[1]*cot_vec[1]+2.0*Gbar[0]*cot_vec[0])+0.25*((2.0*Gbar[7]-1.732050807568877*Gbar[4])*cot_vec[7]-1.732050807568877*cot_vec[4]*Gbar[7]+(2.0*Gbar[6]-1.732050807568877*Gbar[2])*cot_vec[6]-1.732050807568877*cot_vec[2]*Gbar[6]+(2.0*Gbar[5]-1.732050807568877*Gbar[1])*cot_vec[5]-1.732050807568877*cot_vec[1]*Gbar[5]+2.0*Gbar[4]*cot_vec[4]+(2.0*Gbar[3]-1.732050807568877*Gbar[0])*cot_vec[3]-1.732050807568877*cot_vec[0]*Gbar[3]+2.0*Gbar[2]*cot_vec[2]+2.0*Gbar[1]*cot_vec[1]+2.0*Gbar[0]*cot_vec[0]); 

  Gbar[0] = 1.224744871391589*f[4]*w3Ddx0+(0.3162277660168379*f[64]+0.3535533905932737*f[0])*dv3Ddx0; 
  Gbar[1] = 1.224744871391589*f[10]*w3Ddx0+(0.3162277660168379*f[65]+0.3535533905932737*f[1])*dv3Ddx0; 
  Gbar[2] = 1.224744871391589*f[11]*w3Ddx0+(0.3162277660168379*f[66]+0.3535533905932737*f[2])*dv3Ddx0; 
  Gbar[3] = 1.224744871391589*f[12]*w3Ddx0+(0.3162277660168379*f[67]+0.3535533905932737*f[3])*dv3Ddx0; 
  Gbar[4] = 1.224744871391589*f[23]*w3Ddx0+(0.3162277660168379*f[70]+0.3535533905932737*f[7])*dv3Ddx0; 
  Gbar[5] = 1.224744871391589*f[24]*w3Ddx0+(0.3162277660168379*f[71]+0.3535533905932737*f[8])*dv3Ddx0; 
  Gbar[6] = 1.224744871391589*f[25]*w3Ddx0+(0.3162277660168379*f[72]+0.3535533905932737*f[9])*dv3Ddx0; 
  Gbar[7] = 1.224744871391589*f[42]*w3Ddx0+(0.3162277660168379*f[80]+0.3535533905932737*f[22])*dv3Ddx0; 
  out[10] += 0.25*((2.0*Gbar[7]+1.732050807568877*Gbar[4])*cot_vec[7]+1.732050807568877*cot_vec[4]*Gbar[7]+(2.0*Gbar[6]+1.732050807568877*Gbar[2])*cot_vec[6]+1.732050807568877*cot_vec[2]*Gbar[6]+(2.0*Gbar[5]+1.732050807568877*Gbar[1])*cot_vec[5]+1.732050807568877*cot_vec[1]*Gbar[5]+2.0*Gbar[4]*cot_vec[4]+(2.0*Gbar[3]+1.732050807568877*Gbar[0])*cot_vec[3]+1.732050807568877*cot_vec[0]*Gbar[3]+2.0*Gbar[2]*cot_vec[2]+2.0*Gbar[1]*cot_vec[1]+2.0*Gbar[0]*cot_vec[0])+0.25*((2.0*Gbar[7]-1.732050807568877*Gbar[4])*cot_vec[7]-1.732050807568877*cot_vec[4]*Gbar[7]+(2.0*Gbar[6]-1.732050807568877*Gbar[2])*cot_vec[6]-1.732050807568877*cot_vec[2]*Gbar[6]+(2.0*Gbar[5]-1.732050807568877*Gbar[1])*cot_vec[5]-1.732050807568877*cot_vec[1]*Gbar[5]+2.0*Gbar[4]*cot_vec[4]+(2.0*Gbar[3]-1.732050807568877*Gbar[0])*cot_vec[3]-1.732050807568877*cot_vec[0]*Gbar[3]+2.0*Gbar[2]*cot_vec[2]+2.0*Gbar[1]*cot_vec[1]+2.0*Gbar[0]*cot_vec[0]); 

  Gbar[0] = 1.224744871391589*f[5]*w3Ddx0+0.3535533905932737*f[16]*dv3Ddx0; 
  Gbar[1] = 1.224744871391589*f[13]*w3Ddx0+0.3535533905932737*f[29]*dv3Ddx0; 
  Gbar[2] = 1.224744871391589*f[14]*w3Ddx0+0.3535533905932737*f[30]*dv3Ddx0; 
  Gbar[3] = 1.224744871391589*f[15]*w3Ddx0+0.3535533905932737*f[31]*dv3Ddx0; 
  Gbar[4] = 1.224744871391589*f[26]*w3Ddx0+0.3535533905932737*f[44]*dv3Ddx0; 
  Gbar[5] = 1.224744871391589*f[27]*w3Ddx0+0.3535533905932737*f[45]*dv3Ddx0; 
  Gbar[6] = 1.224744871391589*f[28]*w3Ddx0+0.3535533905932737*f[46]*dv3Ddx0; 
  Gbar[7] = 1.224744871391589*f[43]*w3Ddx0+0.3535533905932737*f[57]*dv3Ddx0; 
  out[13] += 0.25*((2.0*Gbar[7]+1.732050807568877*Gbar[4])*cot_vec[7]+1.732050807568877*cot_vec[4]*Gbar[7]+(2.0*Gbar[6]+1.732050807568877*Gbar[2])*cot_vec[6]+1.732050807568877*cot_vec[2]*Gbar[6]+(2.0*Gbar[5]+1.732050807568877*Gbar[1])*cot_vec[5]+1.732050807568877*cot_vec[1]*Gbar[5]+2.0*Gbar[4]*cot_vec[4]+(2.0*Gbar[3]+1.732050807568877*Gbar[0])*cot_vec[3]+1.732050807568877*cot_vec[0]*Gbar[3]+2.0*Gbar[2]*cot_vec[2]+2.0*Gbar[1]*cot_vec[1]+2.0*Gbar[0]*cot_vec[0])+0.25*((2.0*Gbar[7]-1.732050807568877*Gbar[4])*cot_vec[7]-1.732050807568877*cot_vec[4]*Gbar[7]+(2.0*Gbar[6]-1.732050807568877*Gbar[2])*cot_vec[6]-1.732050807568877*cot_vec[2]*Gbar[6]+(2.0*Gbar[5]-1.732050807568877*Gbar[1])*cot_vec[5]-1.732050807568877*cot_vec[1]*Gbar[5]+2.0*Gbar[4]*cot_vec[4]+(2.0*Gbar[3]-1.732050807568877*Gbar[0])*cot_vec[3]-1.732050807568877*cot_vec[0]*Gbar[3]+2.0*Gbar[2]*cot_vec[2]+2.0*Gbar[1]*cot_vec[1]+2.0*Gbar[0]*cot_vec[0]); 

  Gbar[0] = 1.224744871391589*f[6]*w3Ddx0+0.3535533905932737*f[20]*dv3Ddx0; 
  Gbar[1] = 1.224744871391589*f[17]*w3Ddx0+0.3535533905932737*f[35]*dv3Ddx0; 
  Gbar[2] = 1.224744871391589*f[18]*w3Ddx0+0.3535533905932737*f[36]*dv3Ddx0; 
  Gbar[3] = 1.224744871391589*f[19]*w3Ddx0+0.3535533905932737*f[37]*dv3Ddx0; 
  Gbar[4] = 1.224744871391589*f[32]*w3Ddx0+0.3535533905932737*f[48]*dv3Ddx0; 
  Gbar[5] = 1.224744871391589*f[33]*w3Ddx0+0.3535533905932737*f[49]*dv3Ddx0; 
  Gbar[6] = 1.224744871391589*f[34]*w3Ddx0+0.3535533905932737*f[50]*dv3Ddx0; 
  Gbar[7] = 1.224744871391589*f[47]*w3Ddx0+0.3535533905932737*f[58]*dv3Ddx0; 
  out[17] += 0.25*((2.0*Gbar[7]+1.732050807568877*Gbar[4])*cot_vec[7]+1.732050807568877*cot_vec[4]*Gbar[7]+(2.0*Gbar[6]+1.732050807568877*Gbar[2])*cot_vec[6]+1.732050807568877*cot_vec[2]*Gbar[6]+(2.0*Gbar[5]+1.732050807568877*Gbar[1])*cot_vec[5]+1.732050807568877*cot_vec[1]*Gbar[5]+2.0*Gbar[4]*cot_vec[4]+(2.0*Gbar[3]+1.732050807568877*Gbar[0])*cot_vec[3]+1.732050807568877*cot_vec[0]*Gbar[3]+2.0*Gbar[2]*cot_vec[2]+2.0*Gbar[1]*cot_vec[1]+2.0*Gbar[0]*cot_vec[0])+0.25*((2.0*Gbar[7]-1.732050807568877*Gbar[4])*cot_vec[7]-1.732050807568877*cot_vec[4]*Gbar[7]+(2.0*Gbar[6]-1.732050807568877*Gbar[2])*cot_vec[6]-1.732050807568877*cot_vec[2]*Gbar[6]+(2.0*Gbar[5]-1.732050807568877*Gbar[1])*cot_vec[5]-1.732050807568877*cot_vec[1]*Gbar[5]+2.0*Gbar[4]*cot_vec[4]+(2.0*Gbar[3]-1.732050807568877*Gbar[0])*cot_vec[3]-1.732050807568877*cot_vec[0]*Gbar[3]+2.0*Gbar[2]*cot_vec[2]+2.0*Gbar[1]*cot_vec[1]+2.0*Gbar[0]*cot_vec[0]); 

  Gbar[0] = 1.224744871391589*f[9]*w3Ddx0+0.3535533905932737*f[25]*dv3Ddx0; 
  Gbar[1] = 1.224744871391589*f[22]*w3Ddx0+0.3535533905932737*f[42]*dv3Ddx0; 
  Gbar[2] = 1.224744871391589*f[3]*w3Ddx0+0.3535533905932737*f[12]*dv3Ddx0; 
  Gbar[3] = 1.224744871391589*f[2]*w3Ddx0+0.3535533905932737*f[11]*dv3Ddx0; 
  Gbar[4] = 1.224744871391589*f[8]*w3Ddx0+0.3535533905932737*f[24]*dv3Ddx0; 
  Gbar[5] = 1.224744871391589*f[7]*w3Ddx0+0.3535533905932737*f[23]*dv3Ddx0; 
  Gbar[6] = 1.224744871391589*f[0]*w3Ddx0+0.3535533905932737*f[4]*dv3Ddx0; 
  Gbar[7] = 1.224744871391589*f[1]*w3Ddx0+0.3535533905932737*f[10]*dv3Ddx0; 
  out[22] += 0.25*((2.0*Gbar[7]+1.732050807568877*Gbar[4])*cot_vec[7]+1.732050807568877*cot_vec[4]*Gbar[7]+(2.0*Gbar[6]+1.732050807568877*Gbar[2])*cot_vec[6]+1.732050807568877*cot_vec[2]*Gbar[6]+(2.0*Gbar[5]+1.732050807568877*Gbar[1])*cot_vec[5]+1.732050807568877*cot_vec[1]*Gbar[5]+2.0*Gbar[4]*cot_vec[4]+(2.0*Gbar[3]+1.732050807568877*Gbar[0])*cot_vec[3]+1.732050807568877*cot_vec[0]*Gbar[3]+2.0*Gbar[2]*cot_vec[2]+2.0*Gbar[1]*cot_vec[1]+2.0*Gbar[0]*cot_vec[0])+0.25*((2.0*Gbar[7]-1.732050807568877*Gbar[4])*cot_vec[7]-1.732050807568877*cot_vec[4]*Gbar[7]+(2.0*Gbar[6]-1.732050807568877*Gbar[2])*cot_vec[6]-1.732050807568877*cot_vec[2]*Gbar[6]+(2.0*Gbar[5]-1.732050807568877*Gbar[1])*cot_vec[5]-1.732050807568877*cot_vec[1]*Gbar[5]+2.0*Gbar[4]*cot_vec[4]+(2.0*Gbar[3]-1.732050807568877*Gbar[0])*cot_vec[3]-1.732050807568877*cot_vec[0]*Gbar[3]+2.0*Gbar[2]*cot_vec[2]+2.0*Gbar[1]*cot_vec[1]+2.0*Gbar[0]*cot_vec[0]); 

  Gbar[0] = 1.224744871391589*f[11]*w3Ddx0+(0.3162277660168379*f[66]+0.3535533905932737*f[2])*dv3Ddx0; 
  Gbar[1] = 1.224744871391589*f[23]*w3Ddx0+(0.3162277660168379*f[70]+0.3535533905932737*f[7])*dv3Ddx0; 
  Gbar[2] = 1.224744871391589*f[4]*w3Ddx0+(0.3162277660168379*f[64]+0.3535533905932737*f[0])*dv3Ddx0; 
  Gbar[3] = 1.224744871391589*f[25]*w3Ddx0+(0.3162277660168379*f[72]+0.3535533905932737*f[9])*dv3Ddx0; 
  Gbar[4] = 1.224744871391589*f[10]*w3Ddx0+(0.3162277660168379*f[65]+0.3535533905932737*f[1])*dv3Ddx0; 
  Gbar[5] = 1.224744871391589*f[42]*w3Ddx0+(0.3162277660168379*f[80]+0.3535533905932737*f[22])*dv3Ddx0; 
  Gbar[6] = 1.224744871391589*f[12]*w3Ddx0+(0.3162277660168379*f[67]+0.3535533905932737*f[3])*dv3Ddx0; 
  Gbar[7] = 1.224744871391589*f[24]*w3Ddx0+(0.3162277660168379*f[71]+0.3535533905932737*f[8])*dv3Ddx0; 
  out[23] += 0.25*((2.0*Gbar[7]+1.732050807568877*Gbar[4])*cot_vec[7]+1.732050807568877*cot_vec[4]*Gbar[7]+(2.0*Gbar[6]+1.732050807568877*Gbar[2])*cot_vec[6]+1.732050807568877*cot_vec[2]*Gbar[6]+(2.0*Gbar[5]+1.732050807568877*Gbar[1])*cot_vec[5]+1.732050807568877*cot_vec[1]*Gbar[5]+2.0*Gbar[4]*cot_vec[4]+(2.0*Gbar[3]+1.732050807568877*Gbar[0])*cot_vec[3]+1.732050807568877*cot_vec[0]*Gbar[3]+2.0*Gbar[2]*cot_vec[2]+2.0*Gbar[1]*cot_vec[1]+2.0*Gbar[0]*cot_vec[0])+0.25*((2.0*Gbar[7]-1.732050807568877*Gbar[4])*cot_vec[7]-1.732050807568877*cot_vec[4]*Gbar[7]+(2.0*Gbar[6]-1.732050807568877*Gbar[2])*cot_vec[6]-1.732050807568877*cot_vec[2]*Gbar[6]+(2.0*Gbar[5]-1.732050807568877*Gbar[1])*cot_vec[5]-1.732050807568877*cot_vec[1]*Gbar[5]+2.0*Gbar[4]*cot_vec[4]+(2.0*Gbar[3]-1.732050807568877*Gbar[0])*cot_vec[3]-1.732050807568877*cot_vec[0]*Gbar[3]+2.0*Gbar[2]*cot_vec[2]+2.0*Gbar[1]*cot_vec[1]+2.0*Gbar[0]*cot_vec[0]); 

  Gbar[0] = 1.224744871391589*f[12]*w3Ddx0+(0.3162277660168379*f[67]+0.3535533905932737*f[3])*dv3Ddx0; 
  Gbar[1] = 1.224744871391589*f[24]*w3Ddx0+(0.3162277660168379*f[71]+0.3535533905932737*f[8])*dv3Ddx0; 
  Gbar[2] = 1.224744871391589*f[25]*w3Ddx0+(0.3162277660168379*f[72]+0.3535533905932737*f[9])*dv3Ddx0; 
  Gbar[3] = 1.224744871391589*f[4]*w3Ddx0+(0.3162277660168379*f[64]+0.3535533905932737*f[0])*dv3Ddx0; 
  Gbar[4] = 1.224744871391589*f[42]*w3Ddx0+(0.3162277660168379*f[80]+0.3535533905932737*f[22])*dv3Ddx0; 
  Gbar[5] = 1.224744871391589*f[10]*w3Ddx0+(0.3162277660168379*f[65]+0.3535533905932737*f[1])*dv3Ddx0; 
  Gbar[6] = 1.224744871391589*f[11]*w3Ddx0+(0.3162277660168379*f[66]+0.3535533905932737*f[2])*dv3Ddx0; 
  Gbar[7] = 1.224744871391589*f[23]*w3Ddx0+(0.3162277660168379*f[70]+0.3535533905932737*f[7])*dv3Ddx0; 
  out[24] += 0.25*((2.0*Gbar[7]+1.732050807568877*Gbar[4])*cot_vec[7]+1.732050807568877*cot_vec[4]*Gbar[7]+(2.0*Gbar[6]+1.732050807568877*Gbar[2])*cot_vec[6]+1.732050807568877*cot_vec[2]*Gbar[6]+(2.0*Gbar[5]+1.732050807568877*Gbar[1])*cot_vec[5]+1.732050807568877*cot_vec[1]*Gbar[5]+2.0*Gbar[4]*cot_vec[4]+(2.0*Gbar[3]+1.732050807568877*Gbar[0])*cot_vec[3]+1.732050807568877*cot_vec[0]*Gbar[3]+2.0*Gbar[2]*cot_vec[2]+2.0*Gbar[1]*cot_vec[1]+2.0*Gbar[0]*cot_vec[0])+0.25*((2.0*Gbar[7]-1.732050807568877*Gbar[4])*cot_vec[7]-1.732050807568877*cot_vec[4]*Gbar[7]+(2.0*Gbar[6]-1.732050807568877*Gbar[2])*cot_vec[6]-1.732050807568877*cot_vec[2]*Gbar[6]+(2.0*Gbar[5]-1.732050807568877*Gbar[1])*cot_vec[5]-1.732050807568877*cot_vec[1]*Gbar[5]+2.0*Gbar[4]*cot_vec[4]+(2.0*Gbar[3]-1.732050807568877*Gbar[0])*cot_vec[3]-1.732050807568877*cot_vec[0]*Gbar[3]+2.0*Gbar[2]*cot_vec[2]+2.0*Gbar[1]*cot_vec[1]+2.0*Gbar[0]*cot_vec[0]); 

  Gbar[0] = 1.224744871391589*f[14]*w3Ddx0+0.3535533905932737*f[30]*dv3Ddx0; 
  Gbar[1] = 1.224744871391589*f[26]*w3Ddx0+0.3535533905932737*f[44]*dv3Ddx0; 
  Gbar[2] = 1.224744871391589*f[5]*w3Ddx0+0.3535533905932737*f[16]*dv3Ddx0; 
  Gbar[3] = 1.224744871391589*f[28]*w3Ddx0+0.3535533905932737*f[46]*dv3Ddx0; 
  Gbar[4] = 1.224744871391589*f[13]*w3Ddx0+0.3535533905932737*f[29]*dv3Ddx0; 
  Gbar[5] = 1.224744871391589*f[43]*w3Ddx0+0.3535533905932737*f[57]*dv3Ddx0; 
  Gbar[6] = 1.224744871391589*f[15]*w3Ddx0+0.3535533905932737*f[31]*dv3Ddx0; 
  Gbar[7] = 1.224744871391589*f[27]*w3Ddx0+0.3535533905932737*f[45]*dv3Ddx0; 
  out[26] += 0.25*((2.0*Gbar[7]+1.732050807568877*Gbar[4])*cot_vec[7]+1.732050807568877*cot_vec[4]*Gbar[7]+(2.0*Gbar[6]+1.732050807568877*Gbar[2])*cot_vec[6]+1.732050807568877*cot_vec[2]*Gbar[6]+(2.0*Gbar[5]+1.732050807568877*Gbar[1])*cot_vec[5]+1.732050807568877*cot_vec[1]*Gbar[5]+2.0*Gbar[4]*cot_vec[4]+(2.0*Gbar[3]+1.732050807568877*Gbar[0])*cot_vec[3]+1.732050807568877*cot_vec[0]*Gbar[3]+2.0*Gbar[2]*cot_vec[2]+2.0*Gbar[1]*cot_vec[1]+2.0*Gbar[0]*cot_vec[0])+0.25*((2.0*Gbar[7]-1.732050807568877*Gbar[4])*cot_vec[7]-1.732050807568877*cot_vec[4]*Gbar[7]+(2.0*Gbar[6]-1.732050807568877*Gbar[2])*cot_vec[6]-1.732050807568877*cot_vec[2]*Gbar[6]+(2.0*Gbar[5]-1.732050807568877*Gbar[1])*cot_vec[5]-1.732050807568877*cot_vec[1]*Gbar[5]+2.0*Gbar[4]*cot_vec[4]+(2.0*Gbar[3]-1.732050807568877*Gbar[0])*cot_vec[3]-1.732050807568877*cot_vec[0]*Gbar[3]+2.0*Gbar[2]*cot_vec[2]+2.0*Gbar[1]*cot_vec[1]+2.0*Gbar[0]*cot_vec[0]); 

  Gbar[0] = 1.224744871391589*f[15]*w3Ddx0+0.3535533905932737*f[31]*dv3Ddx0; 
  Gbar[1] = 1.224744871391589*f[27]*w3Ddx0+0.3535533905932737*f[45]*dv3Ddx0; 
  Gbar[2] = 1.224744871391589*f[28]*w3Ddx0+0.3535533905932737*f[46]*dv3Ddx0; 
  Gbar[3] = 1.224744871391589*f[5]*w3Ddx0+0.3535533905932737*f[16]*dv3Ddx0; 
  Gbar[4] = 1.224744871391589*f[43]*w3Ddx0+0.3535533905932737*f[57]*dv3Ddx0; 
  Gbar[5] = 1.224744871391589*f[13]*w3Ddx0+0.3535533905932737*f[29]*dv3Ddx0; 
  Gbar[6] = 1.224744871391589*f[14]*w3Ddx0+0.3535533905932737*f[30]*dv3Ddx0; 
  Gbar[7] = 1.224744871391589*f[26]*w3Ddx0+0.3535533905932737*f[44]*dv3Ddx0; 
  out[27] += 0.25*((2.0*Gbar[7]+1.732050807568877*Gbar[4])*cot_vec[7]+1.732050807568877*cot_vec[4]*Gbar[7]+(2.0*Gbar[6]+1.732050807568877*Gbar[2])*cot_vec[6]+1.732050807568877*cot_vec[2]*Gbar[6]+(2.0*Gbar[5]+1.732050807568877*Gbar[1])*cot_vec[5]+1.732050807568877*cot_vec[1]*Gbar[5]+2.0*Gbar[4]*cot_vec[4]+(2.0*Gbar[3]+1.732050807568877*Gbar[0])*cot_vec[3]+1.732050807568877*cot_vec[0]*Gbar[3]+2.0*Gbar[2]*cot_vec[2]+2.0*Gbar[1]*cot_vec[1]+2.0*Gbar[0]*cot_vec[0])+0.25*((2.0*Gbar[7]-1.732050807568877*Gbar[4])*cot_vec[7]-1.732050807568877*cot_vec[4]*Gbar[7]+(2.0*Gbar[6]-1.732050807568877*Gbar[2])*cot_vec[6]-1.732050807568877*cot_vec[2]*Gbar[6]+(2.0*Gbar[5]-1.732050807568877*Gbar[1])*cot_vec[5]-1.732050807568877*cot_vec[1]*Gbar[5]+2.0*Gbar[4]*cot_vec[4]+(2.0*Gbar[3]-1.732050807568877*Gbar[0])*cot_vec[3]-1.732050807568877*cot_vec[0]*Gbar[3]+2.0*Gbar[2]*cot_vec[2]+2.0*Gbar[1]*cot_vec[1]+2.0*Gbar[0]*cot_vec[0]); 

  Gbar[0] = 1.224744871391589*f[16]*w3Ddx0+(0.3162277660168379*f[68]+0.3535533905932737*f[5])*dv3Ddx0; 
  Gbar[1] = 1.224744871391589*f[29]*w3Ddx0+(0.3162277660168379*f[73]+0.3535533905932737*f[13])*dv3Ddx0; 
  Gbar[2] = 1.224744871391589*f[30]*w3Ddx0+(0.3162277660168379*f[74]+0.3535533905932737*f[14])*dv3Ddx0; 
  Gbar[3] = 1.224744871391589*f[31]*w3Ddx0+(0.3162277660168379*f[75]+0.3535533905932737*f[15])*dv3Ddx0; 
  Gbar[4] = 1.224744871391589*f[44]*w3Ddx0+(0.3162277660168379*f[81]+0.3535533905932737*f[26])*dv3Ddx0; 
  Gbar[5] = 1.224744871391589*f[45]*w3Ddx0+(0.3162277660168379*f[82]+0.3535533905932737*f[27])*dv3Ddx0; 
  Gbar[6] = 1.224744871391589*f[46]*w3Ddx0+(0.3162277660168379*f[83]+0.3535533905932737*f[28])*dv3Ddx0; 
  Gbar[7] = 1.224744871391589*f[57]*w3Ddx0+(0.3162277660168379*f[90]+0.3535533905932737*f[43])*dv3Ddx0; 
  out[29] += 0.25*((2.0*Gbar[7]+1.732050807568877*Gbar[4])*cot_vec[7]+1.732050807568877*cot_vec[4]*Gbar[7]+(2.0*Gbar[6]+1.732050807568877*Gbar[2])*cot_vec[6]+1.732050807568877*cot_vec[2]*Gbar[6]+(2.0*Gbar[5]+1.732050807568877*Gbar[1])*cot_vec[5]+1.732050807568877*cot_vec[1]*Gbar[5]+2.0*Gbar[4]*cot_vec[4]+(2.0*Gbar[3]+1.732050807568877*Gbar[0])*cot_vec[3]+1.732050807568877*cot_vec[0]*Gbar[3]+2.0*Gbar[2]*cot_vec[2]+2.0*Gbar[1]*cot_vec[1]+2.0*Gbar[0]*cot_vec[0])+0.25*((2.0*Gbar[7]-1.732050807568877*Gbar[4])*cot_vec[7]-1.732050807568877*cot_vec[4]*Gbar[7]+(2.0*Gbar[6]-1.732050807568877*Gbar[2])*cot_vec[6]-1.732050807568877*cot_vec[2]*Gbar[6]+(2.0*Gbar[5]-1.732050807568877*Gbar[1])*cot_vec[5]-1.732050807568877*cot_vec[1]*Gbar[5]+2.0*Gbar[4]*cot_vec[4]+(2.0*Gbar[3]-1.732050807568877*Gbar[0])*cot_vec[3]-1.732050807568877*cot_vec[0]*Gbar[3]+2.0*Gbar[2]*cot_vec[2]+2.0*Gbar[1]*cot_vec[1]+2.0*Gbar[0]*cot_vec[0]); 

  Gbar[0] = 1.224744871391589*f[18]*w3Ddx0+0.3535533905932737*f[36]*dv3Ddx0; 
  Gbar[1] = 1.224744871391589*f[32]*w3Ddx0+0.3535533905932737*f[48]*dv3Ddx0; 
  Gbar[2] = 1.224744871391589*f[6]*w3Ddx0+0.3535533905932737*f[20]*dv3Ddx0; 
  Gbar[3] = 1.224744871391589*f[34]*w3Ddx0+0.3535533905932737*f[50]*dv3Ddx0; 
  Gbar[4] = 1.224744871391589*f[17]*w3Ddx0+0.3535533905932737*f[35]*dv3Ddx0; 
  Gbar[5] = 1.224744871391589*f[47]*w3Ddx0+0.3535533905932737*f[58]*dv3Ddx0; 
  Gbar[6] = 1.224744871391589*f[19]*w3Ddx0+0.3535533905932737*f[37]*dv3Ddx0; 
  Gbar[7] = 1.224744871391589*f[33]*w3Ddx0+0.3535533905932737*f[49]*dv3Ddx0; 
  out[32] += 0.25*((2.0*Gbar[7]+1.732050807568877*Gbar[4])*cot_vec[7]+1.732050807568877*cot_vec[4]*Gbar[7]+(2.0*Gbar[6]+1.732050807568877*Gbar[2])*cot_vec[6]+1.732050807568877*cot_vec[2]*Gbar[6]+(2.0*Gbar[5]+1.732050807568877*Gbar[1])*cot_vec[5]+1.732050807568877*cot_vec[1]*Gbar[5]+2.0*Gbar[4]*cot_vec[4]+(2.0*Gbar[3]+1.732050807568877*Gbar[0])*cot_vec[3]+1.732050807568877*cot_vec[0]*Gbar[3]+2.0*Gbar[2]*cot_vec[2]+2.0*Gbar[1]*cot_vec[1]+2.0*Gbar[0]*cot_vec[0])+0.25*((2.0*Gbar[7]-1.732050807568877*Gbar[4])*cot_vec[7]-1.732050807568877*cot_vec[4]*Gbar[7]+(2.0*Gbar[6]-1.732050807568877*Gbar[2])*cot_vec[6]-1.732050807568877*cot_vec[2]*Gbar[6]+(2.0*Gbar[5]-1.732050807568877*Gbar[1])*cot_vec[5]-1.732050807568877*cot_vec[1]*Gbar[5]+2.0*Gbar[4]*cot_vec[4]+(2.0*Gbar[3]-1.732050807568877*Gbar[0])*cot_vec[3]-1.732050807568877*cot_vec[0]*Gbar[3]+2.0*Gbar[2]*cot_vec[2]+2.0*Gbar[1]*cot_vec[1]+2.0*Gbar[0]*cot_vec[0]); 

  Gbar[0] = 1.224744871391589*f[19]*w3Ddx0+0.3535533905932737*f[37]*dv3Ddx0; 
  Gbar[1] = 1.224744871391589*f[33]*w3Ddx0+0.3535533905932737*f[49]*dv3Ddx0; 
  Gbar[2] = 1.224744871391589*f[34]*w3Ddx0+0.3535533905932737*f[50]*dv3Ddx0; 
  Gbar[3] = 1.224744871391589*f[6]*w3Ddx0+0.3535533905932737*f[20]*dv3Ddx0; 
  Gbar[4] = 1.224744871391589*f[47]*w3Ddx0+0.3535533905932737*f[58]*dv3Ddx0; 
  Gbar[5] = 1.224744871391589*f[17]*w3Ddx0+0.3535533905932737*f[35]*dv3Ddx0; 
  Gbar[6] = 1.224744871391589*f[18]*w3Ddx0+0.3535533905932737*f[36]*dv3Ddx0; 
  Gbar[7] = 1.224744871391589*f[32]*w3Ddx0+0.3535533905932737*f[48]*dv3Ddx0; 
  out[33] += 0.25*((2.0*Gbar[7]+1.732050807568877*Gbar[4])*cot_vec[7]+1.732050807568877*cot_vec[4]*Gbar[7]+(2.0*Gbar[6]+1.732050807568877*Gbar[2])*cot_vec[6]+1.732050807568877*cot_vec[2]*Gbar[6]+(2.0*Gbar[5]+1.732050807568877*Gbar[1])*cot_vec[5]+1.732050807568877*cot_vec[1]*Gbar[5]+2.0*Gbar[4]*cot_vec[4]+(2.0*Gbar[3]+1.732050807568877*Gbar[0])*cot_vec[3]+1.732050807568877*cot_vec[0]*Gbar[3]+2.0*Gbar[2]*cot_vec[2]+2.0*Gbar[1]*cot_vec[1]+2.0*Gbar[0]*cot_vec[0])+0.25*((2.0*Gbar[7]-1.732050807568877*Gbar[4])*cot_vec[7]-1.732050807568877*cot_vec[4]*Gbar[7]+(2.0*Gbar[6]-1.732050807568877*Gbar[2])*cot_vec[6]-1.732050807568877*cot_vec[2]*Gbar[6]+(2.0*Gbar[5]-1.732050807568877*Gbar[1])*cot_vec[5]-1.732050807568877*cot_vec[1]*Gbar[5]+2.0*Gbar[4]*cot_vec[4]+(2.0*Gbar[3]-1.732050807568877*Gbar[0])*cot_vec[3]-1.732050807568877*cot_vec[0]*Gbar[3]+2.0*Gbar[2]*cot_vec[2]+2.0*Gbar[1]*cot_vec[1]+2.0*Gbar[0]*cot_vec[0]); 

  Gbar[0] = 1.224744871391589*f[20]*w3Ddx0+(0.3162277660168379*f[69]+0.3535533905932737*f[6])*dv3Ddx0; 
  Gbar[1] = 1.224744871391589*f[35]*w3Ddx0+(0.3162277660168379*f[76]+0.3535533905932737*f[17])*dv3Ddx0; 
  Gbar[2] = 1.224744871391589*f[36]*w3Ddx0+(0.3162277660168379*f[77]+0.3535533905932737*f[18])*dv3Ddx0; 
  Gbar[3] = 1.224744871391589*f[37]*w3Ddx0+(0.3162277660168379*f[78]+0.3535533905932737*f[19])*dv3Ddx0; 
  Gbar[4] = 1.224744871391589*f[48]*w3Ddx0+(0.3162277660168379*f[84]+0.3535533905932737*f[32])*dv3Ddx0; 
  Gbar[5] = 1.224744871391589*f[49]*w3Ddx0+(0.3162277660168379*f[85]+0.3535533905932737*f[33])*dv3Ddx0; 
  Gbar[6] = 1.224744871391589*f[50]*w3Ddx0+(0.3162277660168379*f[86]+0.3535533905932737*f[34])*dv3Ddx0; 
  Gbar[7] = 1.224744871391589*f[58]*w3Ddx0+(0.3162277660168379*f[91]+0.3535533905932737*f[47])*dv3Ddx0; 
  out[35] += 0.25*((2.0*Gbar[7]+1.732050807568877*Gbar[4])*cot_vec[7]+1.732050807568877*cot_vec[4]*Gbar[7]+(2.0*Gbar[6]+1.732050807568877*Gbar[2])*cot_vec[6]+1.732050807568877*cot_vec[2]*Gbar[6]+(2.0*Gbar[5]+1.732050807568877*Gbar[1])*cot_vec[5]+1.732050807568877*cot_vec[1]*Gbar[5]+2.0*Gbar[4]*cot_vec[4]+(2.0*Gbar[3]+1.732050807568877*Gbar[0])*cot_vec[3]+1.732050807568877*cot_vec[0]*Gbar[3]+2.0*Gbar[2]*cot_vec[2]+2.0*Gbar[1]*cot_vec[1]+2.0*Gbar[0]*cot_vec[0])+0.25*((2.0*Gbar[7]-1.732050807568877*Gbar[4])*cot_vec[7]-1.732050807568877*cot_vec[4]*Gbar[7]+(2.0*Gbar[6]-1.732050807568877*Gbar[2])*cot_vec[6]-1.732050807568877*cot_vec[2]*Gbar[6]+(2.0*Gbar[5]-1.732050807568877*Gbar[1])*cot_vec[5]-1.732050807568877*cot_vec[1]*Gbar[5]+2.0*Gbar[4]*cot_vec[4]+(2.0*Gbar[3]-1.732050807568877*Gbar[0])*cot_vec[3]-1.732050807568877*cot_vec[0]*Gbar[3]+2.0*Gbar[2]*cot_vec[2]+2.0*Gbar[1]*cot_vec[1]+2.0*Gbar[0]*cot_vec[0]); 

  Gbar[0] = 1.224744871391589*f[21]*w3Ddx0+0.3535533905932737*f[41]*dv3Ddx0; 
  Gbar[1] = 1.224744871391589*f[38]*w3Ddx0+0.3535533905932737*f[54]*dv3Ddx0; 
  Gbar[2] = 1.224744871391589*f[39]*w3Ddx0+0.3535533905932737*f[55]*dv3Ddx0; 
  Gbar[3] = 1.224744871391589*f[40]*w3Ddx0+0.3535533905932737*f[56]*dv3Ddx0; 
  Gbar[4] = 1.224744871391589*f[51]*w3Ddx0+0.3535533905932737*f[60]*dv3Ddx0; 
  Gbar[5] = 1.224744871391589*f[52]*w3Ddx0+0.3535533905932737*f[61]*dv3Ddx0; 
  Gbar[6] = 1.224744871391589*f[53]*w3Ddx0+0.3535533905932737*f[62]*dv3Ddx0; 
  Gbar[7] = 1.224744871391589*f[59]*w3Ddx0+0.3535533905932737*f[63]*dv3Ddx0; 
  out[38] += 0.25*((2.0*Gbar[7]+1.732050807568877*Gbar[4])*cot_vec[7]+1.732050807568877*cot_vec[4]*Gbar[7]+(2.0*Gbar[6]+1.732050807568877*Gbar[2])*cot_vec[6]+1.732050807568877*cot_vec[2]*Gbar[6]+(2.0*Gbar[5]+1.732050807568877*Gbar[1])*cot_vec[5]+1.732050807568877*cot_vec[1]*Gbar[5]+2.0*Gbar[4]*cot_vec[4]+(2.0*Gbar[3]+1.732050807568877*Gbar[0])*cot_vec[3]+1.732050807568877*cot_vec[0]*Gbar[3]+2.0*Gbar[2]*cot_vec[2]+2.0*Gbar[1]*cot_vec[1]+2.0*Gbar[0]*cot_vec[0])+0.25*((2.0*Gbar[7]-1.732050807568877*Gbar[4])*cot_vec[7]-1.732050807568877*cot_vec[4]*Gbar[7]+(2.0*Gbar[6]-1.732050807568877*Gbar[2])*cot_vec[6]-1.732050807568877*cot_vec[2]*Gbar[6]+(2.0*Gbar[5]-1.732050807568877*Gbar[1])*cot_vec[5]-1.732050807568877*cot_vec[1]*Gbar[5]+2.0*Gbar[4]*cot_vec[4]+(2.0*Gbar[3]-1.732050807568877*Gbar[0])*cot_vec[3]-1.732050807568877*cot_vec[0]*Gbar[3]+2.0*Gbar[2]*cot_vec[2]+2.0*Gbar[1]*cot_vec[1]+2.0*Gbar[0]*cot_vec[0]); 

  Gbar[0] = 1.224744871391589*f[25]*w3Ddx0+(0.3162277660168379*f[72]+0.3535533905932737*f[9])*dv3Ddx0; 
  Gbar[1] = 1.224744871391589*f[42]*w3Ddx0+(0.3162277660168379*f[80]+0.3535533905932737*f[22])*dv3Ddx0; 
  Gbar[2] = 1.224744871391589*f[12]*w3Ddx0+(0.3162277660168379*f[67]+0.3535533905932737*f[3])*dv3Ddx0; 
  Gbar[3] = 1.224744871391589*f[11]*w3Ddx0+(0.3162277660168379*f[66]+0.3535533905932737*f[2])*dv3Ddx0; 
  Gbar[4] = 1.224744871391589*f[24]*w3Ddx0+(0.3162277660168379*f[71]+0.3535533905932737*f[8])*dv3Ddx0; 
  Gbar[5] = 1.224744871391589*f[23]*w3Ddx0+(0.3162277660168379*f[70]+0.3535533905932737*f[7])*dv3Ddx0; 
  Gbar[6] = 1.224744871391589*f[4]*w3Ddx0+(0.3162277660168379*f[64]+0.3535533905932737*f[0])*dv3Ddx0; 
  Gbar[7] = 1.224744871391589*f[10]*w3Ddx0+(0.3162277660168379*f[65]+0.3535533905932737*f[1])*dv3Ddx0; 
  out[42] += 0.25*((2.0*Gbar[7]+1.732050807568877*Gbar[4])*cot_vec[7]+1.732050807568877*cot_vec[4]*Gbar[7]+(2.0*Gbar[6]+1.732050807568877*Gbar[2])*cot_vec[6]+1.732050807568877*cot_vec[2]*Gbar[6]+(2.0*Gbar[5]+1.732050807568877*Gbar[1])*cot_vec[5]+1.732050807568877*cot_vec[1]*Gbar[5]+2.0*Gbar[4]*cot_vec[4]+(2.0*Gbar[3]+1.732050807568877*Gbar[0])*cot_vec[3]+1.732050807568877*cot_vec[0]*Gbar[3]+2.0*Gbar[2]*cot_vec[2]+2.0*Gbar[1]*cot_vec[1]+2.0*Gbar[0]*cot_vec[0])+0.25*((2.0*Gbar[7]-1.732050807568877*Gbar[4])*cot_vec[7]-1.732050807568877*cot_vec[4]*Gbar[7]+(2.0*Gbar[6]-1.732050807568877*Gbar[2])*cot_vec[6]-1.732050807568877*cot_vec[2]*Gbar[6]+(2.0*Gbar[5]-1.732050807568877*Gbar[1])*cot_vec[5]-1.732050807568877*cot_vec[1]*Gbar[5]+2.0*Gbar[4]*cot_vec[4]+(2.0*Gbar[3]-1.732050807568877*Gbar[0])*cot_vec[3]-1.732050807568877*cot_vec[0]*Gbar[3]+2.0*Gbar[2]*cot_vec[2]+2.0*Gbar[1]*cot_vec[1]+2.0*Gbar[0]*cot_vec[0]); 

  Gbar[0] = 1.224744871391589*f[28]*w3Ddx0+0.3535533905932737*f[46]*dv3Ddx0; 
  Gbar[1] = 1.224744871391589*f[43]*w3Ddx0+0.3535533905932737*f[57]*dv3Ddx0; 
  Gbar[2] = 1.224744871391589*f[15]*w3Ddx0+0.3535533905932737*f[31]*dv3Ddx0; 
  Gbar[3] = 1.224744871391589*f[14]*w3Ddx0+0.3535533905932737*f[30]*dv3Ddx0; 
  Gbar[4] = 1.224744871391589*f[27]*w3Ddx0+0.3535533905932737*f[45]*dv3Ddx0; 
  Gbar[5] = 1.224744871391589*f[26]*w3Ddx0+0.3535533905932737*f[44]*dv3Ddx0; 
  Gbar[6] = 1.224744871391589*f[5]*w3Ddx0+0.3535533905932737*f[16]*dv3Ddx0; 
  Gbar[7] = 1.224744871391589*f[13]*w3Ddx0+0.3535533905932737*f[29]*dv3Ddx0; 
  out[43] += 0.25*((2.0*Gbar[7]+1.732050807568877*Gbar[4])*cot_vec[7]+1.732050807568877*cot_vec[4]*Gbar[7]+(2.0*Gbar[6]+1.732050807568877*Gbar[2])*cot_vec[6]+1.732050807568877*cot_vec[2]*Gbar[6]+(2.0*Gbar[5]+1.732050807568877*Gbar[1])*cot_vec[5]+1.732050807568877*cot_vec[1]*Gbar[5]+2.0*Gbar[4]*cot_vec[4]+(2.0*Gbar[3]+1.732050807568877*Gbar[0])*cot_vec[3]+1.732050807568877*cot_vec[0]*Gbar[3]+2.0*Gbar[2]*cot_vec[2]+2.0*Gbar[1]*cot_vec[1]+2.0*Gbar[0]*cot_vec[0])+0.25*((2.0*Gbar[7]-1.732050807568877*Gbar[4])*cot_vec[7]-1.732050807568877*cot_vec[4]*Gbar[7]+(2.0*Gbar[6]-1.732050807568877*Gbar[2])*cot_vec[6]-1.732050807568877*cot_vec[2]*Gbar[6]+(2.0*Gbar[5]-1.732050807568877*Gbar[1])*cot_vec[5]-1.732050807568877*cot_vec[1]*Gbar[5]+2.0*Gbar[4]*cot_vec[4]+(2.0*Gbar[3]-1.732050807568877*Gbar[0])*cot_vec[3]-1.732050807568877*cot_vec[0]*Gbar[3]+2.0*Gbar[2]*cot_vec[2]+2.0*Gbar[1]*cot_vec[1]+2.0*Gbar[0]*cot_vec[0]); 

  Gbar[0] = 1.224744871391589*f[30]*w3Ddx0+(0.3162277660168379*f[74]+0.3535533905932737*f[14])*dv3Ddx0; 
  Gbar[1] = 1.224744871391589*f[44]*w3Ddx0+(0.3162277660168379*f[81]+0.3535533905932737*f[26])*dv3Ddx0; 
  Gbar[2] = 1.224744871391589*f[16]*w3Ddx0+(0.3162277660168379*f[68]+0.3535533905932737*f[5])*dv3Ddx0; 
  Gbar[3] = 1.224744871391589*f[46]*w3Ddx0+(0.3162277660168379*f[83]+0.3535533905932737*f[28])*dv3Ddx0; 
  Gbar[4] = 1.224744871391589*f[29]*w3Ddx0+(0.3162277660168379*f[73]+0.3535533905932737*f[13])*dv3Ddx0; 
  Gbar[5] = 1.224744871391589*f[57]*w3Ddx0+(0.3162277660168379*f[90]+0.3535533905932737*f[43])*dv3Ddx0; 
  Gbar[6] = 1.224744871391589*f[31]*w3Ddx0+(0.3162277660168379*f[75]+0.3535533905932737*f[15])*dv3Ddx0; 
  Gbar[7] = 1.224744871391589*f[45]*w3Ddx0+(0.3162277660168379*f[82]+0.3535533905932737*f[27])*dv3Ddx0; 
  out[44] += 0.25*((2.0*Gbar[7]+1.732050807568877*Gbar[4])*cot_vec[7]+1.732050807568877*cot_vec[4]*Gbar[7]+(2.0*Gbar[6]+1.732050807568877*Gbar[2])*cot_vec[6]+1.732050807568877*cot_vec[2]*Gbar[6]+(2.0*Gbar[5]+1.732050807568877*Gbar[1])*cot_vec[5]+1.732050807568877*cot_vec[1]*Gbar[5]+2.0*Gbar[4]*cot_vec[4]+(2.0*Gbar[3]+1.732050807568877*Gbar[0])*cot_vec[3]+1.732050807568877*cot_vec[0]*Gbar[3]+2.0*Gbar[2]*cot_vec[2]+2.0*Gbar[1]*cot_vec[1]+2.0*Gbar[0]*cot_vec[0])+0.25*((2.0*Gbar[7]-1.732050807568877*Gbar[4])*cot_vec[7]-1.732050807568877*cot_vec[4]*Gbar[7]+(2.0*Gbar[6]-1.732050807568877*Gbar[2])*cot_vec[6]-1.732050807568877*cot_vec[2]*Gbar[6]+(2.0*Gbar[5]-1.732050807568877*Gbar[1])*cot_vec[5]-1.732050807568877*cot_vec[1]*Gbar[5]+2.0*Gbar[4]*cot_vec[4]+(2.0*Gbar[3]-1.732050807568877*Gbar[0])*cot_vec[3]-1.732050807568877*cot_vec[0]*Gbar[3]+2.0*Gbar[2]*cot_vec[2]+2.0*Gbar[1]*cot_vec[1]+2.0*Gbar[0]*cot_vec[0]); 

  Gbar[0] = 1.224744871391589*f[31]*w3Ddx0+(0.3162277660168379*f[75]+0.3535533905932737*f[15])*dv3Ddx0; 
  Gbar[1] = 1.224744871391589*f[45]*w3Ddx0+(0.3162277660168379*f[82]+0.3535533905932737*f[27])*dv3Ddx0; 
  Gbar[2] = 1.224744871391589*f[46]*w3Ddx0+(0.3162277660168379*f[83]+0.3535533905932737*f[28])*dv3Ddx0; 
  Gbar[3] = 1.224744871391589*f[16]*w3Ddx0+(0.3162277660168379*f[68]+0.3535533905932737*f[5])*dv3Ddx0; 
  Gbar[4] = 1.224744871391589*f[57]*w3Ddx0+(0.3162277660168379*f[90]+0.3535533905932737*f[43])*dv3Ddx0; 
  Gbar[5] = 1.224744871391589*f[29]*w3Ddx0+(0.3162277660168379*f[73]+0.3535533905932737*f[13])*dv3Ddx0; 
  Gbar[6] = 1.224744871391589*f[30]*w3Ddx0+(0.3162277660168379*f[74]+0.3535533905932737*f[14])*dv3Ddx0; 
  Gbar[7] = 1.224744871391589*f[44]*w3Ddx0+(0.3162277660168379*f[81]+0.3535533905932737*f[26])*dv3Ddx0; 
  out[45] += 0.25*((2.0*Gbar[7]+1.732050807568877*Gbar[4])*cot_vec[7]+1.732050807568877*cot_vec[4]*Gbar[7]+(2.0*Gbar[6]+1.732050807568877*Gbar[2])*cot_vec[6]+1.732050807568877*cot_vec[2]*Gbar[6]+(2.0*Gbar[5]+1.732050807568877*Gbar[1])*cot_vec[5]+1.732050807568877*cot_vec[1]*Gbar[5]+2.0*Gbar[4]*cot_vec[4]+(2.0*Gbar[3]+1.732050807568877*Gbar[0])*cot_vec[3]+1.732050807568877*cot_vec[0]*Gbar[3]+2.0*Gbar[2]*cot_vec[2]+2.0*Gbar[1]*cot_vec[1]+2.0*Gbar[0]*cot_vec[0])+0.25*((2.0*Gbar[7]-1.732050807568877*Gbar[4])*cot_vec[7]-1.732050807568877*cot_vec[4]*Gbar[7]+(2.0*Gbar[6]-1.732050807568877*Gbar[2])*cot_vec[6]-1.732050807568877*cot_vec[2]*Gbar[6]+(2.0*Gbar[5]-1.732050807568877*Gbar[1])*cot_vec[5]-1.732050807568877*cot_vec[1]*Gbar[5]+2.0*Gbar[4]*cot_vec[4]+(2.0*Gbar[3]-1.732050807568877*Gbar[0])*cot_vec[3]-1.732050807568877*cot_vec[0]*Gbar[3]+2.0*Gbar[2]*cot_vec[2]+2.0*Gbar[1]*cot_vec[1]+2.0*Gbar[0]*cot_vec[0]); 

  Gbar[0] = 1.224744871391589*f[34]*w3Ddx0+0.3535533905932737*f[50]*dv3Ddx0; 
  Gbar[1] = 1.224744871391589*f[47]*w3Ddx0+0.3535533905932737*f[58]*dv3Ddx0; 
  Gbar[2] = 1.224744871391589*f[19]*w3Ddx0+0.3535533905932737*f[37]*dv3Ddx0; 
  Gbar[3] = 1.224744871391589*f[18]*w3Ddx0+0.3535533905932737*f[36]*dv3Ddx0; 
  Gbar[4] = 1.224744871391589*f[33]*w3Ddx0+0.3535533905932737*f[49]*dv3Ddx0; 
  Gbar[5] = 1.224744871391589*f[32]*w3Ddx0+0.3535533905932737*f[48]*dv3Ddx0; 
  Gbar[6] = 1.224744871391589*f[6]*w3Ddx0+0.3535533905932737*f[20]*dv3Ddx0; 
  Gbar[7] = 1.224744871391589*f[17]*w3Ddx0+0.3535533905932737*f[35]*dv3Ddx0; 
  out[47] += 0.25*((2.0*Gbar[7]+1.732050807568877*Gbar[4])*cot_vec[7]+1.732050807568877*cot_vec[4]*Gbar[7]+(2.0*Gbar[6]+1.732050807568877*Gbar[2])*cot_vec[6]+1.732050807568877*cot_vec[2]*Gbar[6]+(2.0*Gbar[5]+1.732050807568877*Gbar[1])*cot_vec[5]+1.732050807568877*cot_vec[1]*Gbar[5]+2.0*Gbar[4]*cot_vec[4]+(2.0*Gbar[3]+1.732050807568877*Gbar[0])*cot_vec[3]+1.732050807568877*cot_vec[0]*Gbar[3]+2.0*Gbar[2]*cot_vec[2]+2.0*Gbar[1]*cot_vec[1]+2.0*Gbar[0]*cot_vec[0])+0.25*((2.0*Gbar[7]-1.732050807568877*Gbar[4])*cot_vec[7]-1.732050807568877*cot_vec[4]*Gbar[7]+(2.0*Gbar[6]-1.732050807568877*Gbar[2])*cot_vec[6]-1.732050807568877*cot_vec[2]*Gbar[6]+(2.0*Gbar[5]-1.732050807568877*Gbar[1])*cot_vec[5]-1.732050807568877*cot_vec[1]*Gbar[5]+2.0*Gbar[4]*cot_vec[4]+(2.0*Gbar[3]-1.732050807568877*Gbar[0])*cot_vec[3]-1.732050807568877*cot_vec[0]*Gbar[3]+2.0*Gbar[2]*cot_vec[2]+2.0*Gbar[1]*cot_vec[1]+2.0*Gbar[0]*cot_vec[0]); 

  Gbar[0] = 1.224744871391589*f[36]*w3Ddx0+(0.3162277660168379*f[77]+0.3535533905932737*f[18])*dv3Ddx0; 
  Gbar[1] = 1.224744871391589*f[48]*w3Ddx0+(0.3162277660168379*f[84]+0.3535533905932737*f[32])*dv3Ddx0; 
  Gbar[2] = 1.224744871391589*f[20]*w3Ddx0+(0.3162277660168379*f[69]+0.3535533905932737*f[6])*dv3Ddx0; 
  Gbar[3] = 1.224744871391589*f[50]*w3Ddx0+(0.3162277660168379*f[86]+0.3535533905932737*f[34])*dv3Ddx0; 
  Gbar[4] = 1.224744871391589*f[35]*w3Ddx0+(0.3162277660168379*f[76]+0.3535533905932737*f[17])*dv3Ddx0; 
  Gbar[5] = 1.224744871391589*f[58]*w3Ddx0+(0.3162277660168379*f[91]+0.3535533905932737*f[47])*dv3Ddx0; 
  Gbar[6] = 1.224744871391589*f[37]*w3Ddx0+(0.3162277660168379*f[78]+0.3535533905932737*f[19])*dv3Ddx0; 
  Gbar[7] = 1.224744871391589*f[49]*w3Ddx0+(0.3162277660168379*f[85]+0.3535533905932737*f[33])*dv3Ddx0; 
  out[48] += 0.25*((2.0*Gbar[7]+1.732050807568877*Gbar[4])*cot_vec[7]+1.732050807568877*cot_vec[4]*Gbar[7]+(2.0*Gbar[6]+1.732050807568877*Gbar[2])*cot_vec[6]+1.732050807568877*cot_vec[2]*Gbar[6]+(2.0*Gbar[5]+1.732050807568877*Gbar[1])*cot_vec[5]+1.732050807568877*cot_vec[1]*Gbar[5]+2.0*Gbar[4]*cot_vec[4]+(2.0*Gbar[3]+1.732050807568877*Gbar[0])*cot_vec[3]+1.732050807568877*cot_vec[0]*Gbar[3]+2.0*Gbar[2]*cot_vec[2]+2.0*Gbar[1]*cot_vec[1]+2.0*Gbar[0]*cot_vec[0])+0.25*((2.0*Gbar[7]-1.732050807568877*Gbar[4])*cot_vec[7]-1.732050807568877*cot_vec[4]*Gbar[7]+(2.0*Gbar[6]-1.732050807568877*Gbar[2])*cot_vec[6]-1.732050807568877*cot_vec[2]*Gbar[6]+(2.0*Gbar[5]-1.732050807568877*Gbar[1])*cot_vec[5]-1.732050807568877*cot_vec[1]*Gbar[5]+2.0*Gbar[4]*cot_vec[4]+(2.0*Gbar[3]-1.732050807568877*Gbar[0])*cot_vec[3]-1.732050807568877*cot_vec[0]*Gbar[3]+2.0*Gbar[2]*cot_vec[2]+2.0*Gbar[1]*cot_vec[1]+2.0*Gbar[0]*cot_vec[0]); 

  Gbar[0] = 1.224744871391589*f[37]*w3Ddx0+(0.3162277660168379*f[78]+0.3535533905932737*f[19])*dv3Ddx0; 
  Gbar[1] = 1.224744871391589*f[49]*w3Ddx0+(0.3162277660168379*f[85]+0.3535533905932737*f[33])*dv3Ddx0; 
  Gbar[2] = 1.224744871391589*f[50]*w3Ddx0+(0.3162277660168379*f[86]+0.3535533905932737*f[34])*dv3Ddx0; 
  Gbar[3] = 1.224744871391589*f[20]*w3Ddx0+(0.3162277660168379*f[69]+0.3535533905932737*f[6])*dv3Ddx0; 
  Gbar[4] = 1.224744871391589*f[58]*w3Ddx0+(0.3162277660168379*f[91]+0.3535533905932737*f[47])*dv3Ddx0; 
  Gbar[5] = 1.224744871391589*f[35]*w3Ddx0+(0.3162277660168379*f[76]+0.3535533905932737*f[17])*dv3Ddx0; 
  Gbar[6] = 1.224744871391589*f[36]*w3Ddx0+(0.3162277660168379*f[77]+0.3535533905932737*f[18])*dv3Ddx0; 
  Gbar[7] = 1.224744871391589*f[48]*w3Ddx0+(0.3162277660168379*f[84]+0.3535533905932737*f[32])*dv3Ddx0; 
  out[49] += 0.25*((2.0*Gbar[7]+1.732050807568877*Gbar[4])*cot_vec[7]+1.732050807568877*cot_vec[4]*Gbar[7]+(2.0*Gbar[6]+1.732050807568877*Gbar[2])*cot_vec[6]+1.732050807568877*cot_vec[2]*Gbar[6]+(2.0*Gbar[5]+1.732050807568877*Gbar[1])*cot_vec[5]+1.732050807568877*cot_vec[1]*Gbar[5]+2.0*Gbar[4]*cot_vec[4]+(2.0*Gbar[3]+1.732050807568877*Gbar[0])*cot_vec[3]+1.732050807568877*cot_vec[0]*Gbar[3]+2.0*Gbar[2]*cot_vec[2]+2.0*Gbar[1]*cot_vec[1]+2.0*Gbar[0]*cot_vec[0])+0.25*((2.0*Gbar[7]-1.732050807568877*Gbar[4])*cot_vec[7]-1.732050807568877*cot_vec[4]*Gbar[7]+(2.0*Gbar[6]-1.732050807568877*Gbar[2])*cot_vec[6]-1.732050807568877*cot_vec[2]*Gbar[6]+(2.0*Gbar[5]-1.732050807568877*Gbar[1])*cot_vec[5]-1.732050807568877*cot_vec[1]*Gbar[5]+2.0*Gbar[4]*cot_vec[4]+(2.0*Gbar[3]-1.732050807568877*Gbar[0])*cot_vec[3]-1.732050807568877*cot_vec[0]*Gbar[3]+2.0*Gbar[2]*cot_vec[2]+2.0*Gbar[1]*cot_vec[1]+2.0*Gbar[0]*cot_vec[0]); 

  Gbar[0] = 1.224744871391589*f[39]*w3Ddx0+0.3535533905932737*f[55]*dv3Ddx0; 
  Gbar[1] = 1.224744871391589*f[51]*w3Ddx0+0.3535533905932737*f[60]*dv3Ddx0; 
  Gbar[2] = 1.224744871391589*f[21]*w3Ddx0+0.3535533905932737*f[41]*dv3Ddx0; 
  Gbar[3] = 1.224744871391589*f[53]*w3Ddx0+0.3535533905932737*f[62]*dv3Ddx0; 
  Gbar[4] = 1.224744871391589*f[38]*w3Ddx0+0.3535533905932737*f[54]*dv3Ddx0; 
  Gbar[5] = 1.224744871391589*f[59]*w3Ddx0+0.3535533905932737*f[63]*dv3Ddx0; 
  Gbar[6] = 1.224744871391589*f[40]*w3Ddx0+0.3535533905932737*f[56]*dv3Ddx0; 
  Gbar[7] = 1.224744871391589*f[52]*w3Ddx0+0.3535533905932737*f[61]*dv3Ddx0; 
  out[51] += 0.25*((2.0*Gbar[7]+1.732050807568877*Gbar[4])*cot_vec[7]+1.732050807568877*cot_vec[4]*Gbar[7]+(2.0*Gbar[6]+1.732050807568877*Gbar[2])*cot_vec[6]+1.732050807568877*cot_vec[2]*Gbar[6]+(2.0*Gbar[5]+1.732050807568877*Gbar[1])*cot_vec[5]+1.732050807568877*cot_vec[1]*Gbar[5]+2.0*Gbar[4]*cot_vec[4]+(2.0*Gbar[3]+1.732050807568877*Gbar[0])*cot_vec[3]+1.732050807568877*cot_vec[0]*Gbar[3]+2.0*Gbar[2]*cot_vec[2]+2.0*Gbar[1]*cot_vec[1]+2.0*Gbar[0]*cot_vec[0])+0.25*((2.0*Gbar[7]-1.732050807568877*Gbar[4])*cot_vec[7]-1.732050807568877*cot_vec[4]*Gbar[7]+(2.0*Gbar[6]-1.732050807568877*Gbar[2])*cot_vec[6]-1.732050807568877*cot_vec[2]*Gbar[6]+(2.0*Gbar[5]-1.732050807568877*Gbar[1])*cot_vec[5]-1.732050807568877*cot_vec[1]*Gbar[5]+2.0*Gbar[4]*cot_vec[4]+(2.0*Gbar[3]-1.732050807568877*Gbar[0])*cot_vec[3]-1.732050807568877*cot_vec[0]*Gbar[3]+2.0*Gbar[2]*cot_vec[2]+2.0*Gbar[1]*cot_vec[1]+2.0*Gbar[0]*cot_vec[0]); 

  Gbar[0] = 1.224744871391589*f[40]*w3Ddx0+0.3535533905932737*f[56]*dv3Ddx0; 
  Gbar[1] = 1.224744871391589*f[52]*w3Ddx0+0.3535533905932737*f[61]*dv3Ddx0; 
  Gbar[2] = 1.224744871391589*f[53]*w3Ddx0+0.3535533905932737*f[62]*dv3Ddx0; 
