#include <gkyl_vlasov_kernels.h> 
GKYL_CU_DH double vlasov_boundary_surfvx_1x3v_ser_p2(const double *w, const double *dxv, const double amax, const double *qmem, const int edge, const double *fEdge, const double *fSkin, double* restrict out) 
{ 
  // w:           Cell-center coordinates.
  // dxv[NDIM]:   Cell spacing.
  // amax:        amax in global lax flux.
  // qmem:        q/m*EM fields.
  // edge:        Determines if the update is for the left edge (-1) or right edge (+1).
  // fSkin/fEdge: Input Distribution function in skin cell/last edge cell 
  // out:         Output distribution function in skin cell 
  // returns abs(amid) for use in determining amax in cfl and global lax flux 
  const double dv10 = 2/dxv[1]; 
  const double dv1 = dxv[1], wv1 = w[1]; 
  const double dv2 = dxv[2], wv2 = w[2]; 
  const double dv3 = dxv[3], wv3 = w[3]; 
  const double *E0 = &qmem[0]; 
  const double *B0 = &qmem[9]; 
  const double *B1 = &qmem[12]; 
  const double *B2 = &qmem[15]; 

  double Ghat[20]; 
  double favg[20]; 
  double alpha[20]; 

  alpha[0] = 2.0*(B2[0]*wv2+E0[0])-2.0*B1[0]*wv3; 
  alpha[1] = 2.0*(B2[1]*wv2+E0[1])-2.0*B1[1]*wv3; 
  alpha[2] = 0.5773502691896258*B2[0]*dv2; 
  alpha[3] = -0.5773502691896258*B1[0]*dv3; 
  alpha[4] = 0.5773502691896258*B2[1]*dv2; 
  alpha[5] = -0.5773502691896258*B1[1]*dv3; 
  alpha[7] = 2.0*(B2[2]*wv2+E0[2])-2.0*B1[2]*wv3; 
  alpha[11] = 0.5773502691896258*B2[2]*dv2; 
  alpha[13] = -0.5773502691896258*B1[2]*dv3; 

  double amid = 0.3535533905932737*alpha[0]-0.3952847075210473*alpha[7]; 

  if (edge == -1) { 

  favg[0] = 1.58113883008419*(fSkin[12]+fEdge[12])+1.224744871391589*fSkin[2]-1.224744871391589*fEdge[2]+0.7071067811865475*(fSkin[0]+fEdge[0]); 
  favg[1] = 1.58113883008419*(fSkin[20]+fEdge[20])+1.224744871391589*fSkin[5]-1.224744871391589*fEdge[5]+0.7071067811865475*(fSkin[1]+fEdge[1]); 
  favg[2] = 1.58113883008419*(fSkin[22]+fEdge[22])+1.224744871391589*fSkin[7]-1.224744871391589*fEdge[7]+0.7071067811865475*(fSkin[3]+fEdge[3]); 
  favg[3] = 1.58113883008419*(fSkin[26]+fEdge[26])+1.224744871391589*fSkin[9]-1.224744871391589*fEdge[9]+0.7071067811865475*(fSkin[4]+fEdge[4]); 
  favg[4] = 1.58113883008419*(fSkin[33]+fEdge[33])+1.224744871391589*fSkin[15]-1.224744871391589*fEdge[15]+0.7071067811865475*(fSkin[6]+fEdge[6]); 
  favg[5] = 1.58113883008419*(fSkin[36]+fEdge[36])+1.224744871391589*fSkin[16]-1.224744871391589*fEdge[16]+0.7071067811865475*(fSkin[8]+fEdge[8]); 
  favg[6] = 1.58113883008419*(fSkin[38]+fEdge[38])+1.224744871391589*fSkin[18]-1.224744871391589*fEdge[18]+0.7071067811865475*(fSkin[10]+fEdge[10]); 
  favg[7] = 1.224744871391589*fSkin[19]-1.224744871391589*fEdge[19]+0.7071067811865475*(fSkin[11]+fEdge[11]); 
  favg[8] = 1.224744871391589*fSkin[24]-1.224744871391589*fEdge[24]+0.7071067811865475*(fSkin[13]+fEdge[13]); 
  favg[9] = 1.224744871391589*fSkin[29]-1.224744871391589*fEdge[29]+0.7071067811865475*(fSkin[14]+fEdge[14]); 
  favg[10] = 1.58113883008419*(fSkin[45]+fEdge[45])+1.224744871391589*fSkin[31]-1.224744871391589*fEdge[31]+0.7071067811865475*(fSkin[17]+fEdge[17]); 
  favg[11] = 1.224744871391589*fSkin[32]-1.224744871391589*fEdge[32]+0.7071067811865475*(fSkin[21]+fEdge[21]); 
  favg[12] = 1.224744871391589*fSkin[34]-1.224744871391589*fEdge[34]+0.7071067811865475*(fSkin[23]+fEdge[23]); 
  favg[13] = 1.224744871391589*fSkin[35]-1.224744871391589*fEdge[35]+0.7071067811865475*(fSkin[25]+fEdge[25]); 
  favg[14] = 1.224744871391589*fSkin[40]-1.224744871391589*fEdge[40]+0.7071067811865475*(fSkin[27]+fEdge[27]); 
  favg[15] = 1.224744871391589*fSkin[41]-1.224744871391589*fEdge[41]+0.7071067811865475*(fSkin[28]+fEdge[28]); 
  favg[16] = 1.224744871391589*fSkin[43]-1.224744871391589*fEdge[43]+0.7071067811865475*(fSkin[30]+fEdge[30]); 
  favg[17] = 1.224744871391589*fSkin[44]-1.224744871391589*fEdge[44]+0.7071067811865475*(fSkin[37]+fEdge[37]); 
  favg[18] = 1.224744871391589*fSkin[46]-1.224744871391589*fEdge[46]+0.7071067811865475*(fSkin[39]+fEdge[39]); 
  favg[19] = 1.224744871391589*fSkin[47]-1.224744871391589*fEdge[47]+0.7071067811865475*(fSkin[42]+fEdge[42]); 

  Ghat[0] = (0.7905694150420947*fSkin[12]-0.7905694150420947*fEdge[12]+0.6123724356957944*(fSkin[2]+fEdge[2])+0.3535533905932737*fSkin[0]-0.3535533905932737*fEdge[0])*amax+0.1767766952966368*(alpha[13]*favg[13]+alpha[11]*favg[11]+alpha[7]*favg[7]+alpha[5]*favg[5]+alpha[4]*favg[4]+alpha[3]*favg[3]+alpha[2]*favg[2]+alpha[1]*favg[1]+alpha[0]*favg[0]); 
  Ghat[1] = (0.7905694150420947*fSkin[20]-0.7905694150420947*fEdge[20]+0.6123724356957944*(fSkin[5]+fEdge[5])+0.3535533905932737*fSkin[1]-0.3535533905932737*fEdge[1])*amax+0.1581138830084189*(alpha[5]*favg[13]+favg[5]*alpha[13]+alpha[4]*favg[11]+favg[4]*alpha[11]+alpha[1]*favg[7]+favg[1]*alpha[7])+0.1767766952966368*(alpha[3]*favg[5]+favg[3]*alpha[5]+alpha[2]*favg[4]+favg[2]*alpha[4]+alpha[0]*favg[1]+favg[0]*alpha[1]); 
  Ghat[2] = (0.7905694150420947*fSkin[22]-0.7905694150420947*fEdge[22]+0.6123724356957944*(fSkin[7]+fEdge[7])+0.3535533905932737*fSkin[3]-0.3535533905932737*fEdge[3])*amax+0.1767766952966368*alpha[13]*favg[17]+0.1581138830084189*alpha[4]*favg[12]+0.1767766952966368*(alpha[7]*favg[11]+favg[7]*alpha[11]+alpha[5]*favg[10])+0.1581138830084189*alpha[2]*favg[8]+0.1767766952966368*(alpha[3]*favg[6]+alpha[1]*favg[4]+favg[1]*alpha[4]+alpha[0]*favg[2]+favg[0]*alpha[2]); 
  Ghat[3] = (0.7905694150420947*fSkin[26]-0.7905694150420947*fEdge[26]+0.6123724356957944*(fSkin[9]+fEdge[9])+0.3535533905932737*fSkin[4]-0.3535533905932737*fEdge[4])*amax+0.1767766952966368*alpha[11]*favg[17]+0.1581138830084189*alpha[5]*favg[15]+0.1767766952966368*(alpha[7]*favg[13]+favg[7]*alpha[13]+alpha[4]*favg[10])+0.1581138830084189*alpha[3]*favg[9]+0.1767766952966368*(alpha[2]*favg[6]+alpha[1]*favg[5]+favg[1]*alpha[5]+alpha[0]*favg[3]+favg[0]*alpha[3]); 
  Ghat[4] = (0.7905694150420947*fSkin[33]-0.7905694150420947*fEdge[33]+0.6123724356957944*(fSkin[15]+fEdge[15])+0.3535533905932737*fSkin[6]-0.3535533905932737*fEdge[6])*amax+0.1581138830084189*(alpha[5]*favg[17]+favg[10]*alpha[13])+0.1414213562373095*alpha[11]*favg[12]+0.1581138830084189*(alpha[2]*favg[12]+alpha[1]*favg[11]+favg[1]*alpha[11])+0.1767766952966368*alpha[3]*favg[10]+0.1581138830084189*(alpha[4]*(favg[8]+favg[7])+favg[4]*alpha[7])+0.1767766952966368*(alpha[5]*favg[6]+alpha[0]*favg[4]+favg[0]*alpha[4]+alpha[1]*favg[2]+favg[1]*alpha[2]); 
  Ghat[5] = (0.7905694150420947*fSkin[36]-0.7905694150420947*fEdge[36]+0.6123724356957944*(fSkin[16]+fEdge[16])+0.3535533905932737*fSkin[8]-0.3535533905932737*fEdge[8])*amax+0.1581138830084189*alpha[4]*favg[17]+0.1414213562373095*alpha[13]*favg[15]+0.1581138830084189*(alpha[3]*favg[15]+alpha[1]*favg[13]+favg[1]*alpha[13])+favg[10]*(0.1581138830084189*alpha[11]+0.1767766952966368*alpha[2])+0.1581138830084189*(alpha[5]*(favg[9]+favg[7])+favg[5]*alpha[7])+0.1767766952966368*(alpha[4]*favg[6]+alpha[0]*favg[5]+favg[0]*alpha[5]+alpha[1]*favg[3]+favg[1]*alpha[3]); 
  Ghat[6] = (0.7905694150420947*fSkin[38]-0.7905694150420947*fEdge[38]+0.6123724356957944*(fSkin[18]+fEdge[18])+0.3535533905932737*fSkin[10]-0.3535533905932737*fEdge[10])*amax+0.1581138830084189*(alpha[5]*favg[19]+alpha[4]*favg[18])+0.1767766952966368*alpha[7]*favg[17]+0.1581138830084189*(alpha[3]*favg[16]+alpha[2]*favg[14])+0.1767766952966368*(alpha[11]*favg[13]+favg[11]*alpha[13]+alpha[1]*favg[10]+alpha[0]*favg[6]+alpha[4]*favg[5]+favg[4]*alpha[5]+alpha[2]*favg[3]+favg[2]*alpha[3]); 
  Ghat[7] = (0.6123724356957944*(fSkin[19]+fEdge[19])+0.3535533905932737*fSkin[11]-0.3535533905932737*fEdge[11])*amax+0.1129384878631564*alpha[13]*favg[13]+0.1767766952966368*(alpha[3]*favg[13]+favg[3]*alpha[13])+0.1129384878631564*alpha[11]*favg[11]+0.1767766952966368*(alpha[2]*favg[11]+favg[2]*alpha[11])+0.1129384878631564*alpha[7]*favg[7]+0.1767766952966368*(alpha[0]*favg[7]+favg[0]*alpha[7])+0.1581138830084189*(alpha[5]*favg[5]+alpha[4]*favg[4]+alpha[1]*favg[1]); 
  Ghat[8] = (0.6123724356957944*(fSkin[24]+fEdge[24])+0.3535533905932737*fSkin[13]-0.3535533905932737*fEdge[13])*amax+0.1767766952966368*(alpha[5]*favg[18]+alpha[3]*favg[14]+alpha[1]*favg[12])+0.1581138830084189*alpha[11]*favg[11]+0.1767766952966368*alpha[0]*favg[8]+0.1581138830084189*(alpha[4]*favg[4]+alpha[2]*favg[2]); 
  Ghat[9] = (0.6123724356957944*(fSkin[29]+fEdge[29])+0.3535533905932737*fSkin[14]-0.3535533905932737*fEdge[14])*amax+0.1767766952966368*(alpha[4]*favg[19]+alpha[2]*favg[16]+alpha[1]*favg[15])+0.1581138830084189*alpha[13]*favg[13]+0.1767766952966368*alpha[0]*favg[9]+0.1581138830084189*(alpha[5]*favg[5]+alpha[3]*favg[3]); 
  Ghat[10] = (0.7905694150420947*fSkin[45]-0.7905694150420947*fEdge[45]+0.6123724356957944*(fSkin[31]+fEdge[31])+0.3535533905932737*fSkin[17]-0.3535533905932737*fEdge[17])*amax+(0.1414213562373095*alpha[13]+0.1581138830084189*alpha[3])*favg[19]+0.1414213562373095*alpha[11]*favg[18]+0.1581138830084189*(alpha[2]*favg[18]+alpha[1]*favg[17]+alpha[5]*favg[16]+alpha[4]*(favg[14]+favg[13])+favg[4]*alpha[13]+alpha[5]*favg[11]+favg[5]*alpha[11]+alpha[7]*favg[10])+0.1767766952966368*(alpha[0]*favg[10]+alpha[1]*favg[6]+alpha[2]*favg[5]+favg[2]*alpha[5]+alpha[3]*favg[4]+favg[3]*alpha[4]); 
  Ghat[11] = (0.6123724356957944*(fSkin[32]+fEdge[32])+0.3535533905932737*fSkin[21]-0.3535533905932737*fEdge[21])*amax+0.1129384878631564*alpha[13]*favg[17]+0.1767766952966368*(alpha[3]*favg[17]+favg[6]*alpha[13])+0.1414213562373095*alpha[4]*favg[12]+(0.1129384878631564*alpha[7]+0.1767766952966368*alpha[0])*favg[11]+(0.1581138830084189*favg[8]+0.1129384878631564*favg[7]+0.1767766952966368*favg[0])*alpha[11]+0.1581138830084189*alpha[5]*favg[10]+0.1767766952966368*(alpha[2]*favg[7]+favg[2]*alpha[7])+0.1581138830084189*(alpha[1]*favg[4]+favg[1]*alpha[4]); 
  Ghat[12] = (0.6123724356957944*(fSkin[34]+fEdge[34])+0.3535533905932737*fSkin[23]-0.3535533905932737*fEdge[23])*amax+0.1581138830084189*alpha[13]*favg[18]+0.1767766952966368*(alpha[3]*favg[18]+alpha[5]*favg[14])+(0.1581138830084189*alpha[7]+0.1767766952966368*alpha[0])*favg[12]+0.1414213562373095*(alpha[4]*favg[11]+favg[4]*alpha[11])+0.1767766952966368*alpha[1]*favg[8]+0.1581138830084189*(alpha[2]*favg[4]+favg[2]*alpha[4]); 
  Ghat[13] = (0.6123724356957944*(fSkin[35]+fEdge[35])+0.3535533905932737*fSkin[25]-0.3535533905932737*fEdge[25])*amax+(0.1129384878631564*alpha[11]+0.1767766952966368*alpha[2])*favg[17]+0.1414213562373095*alpha[5]*favg[15]+(0.1129384878631564*alpha[7]+0.1767766952966368*alpha[0])*favg[13]+(0.1581138830084189*favg[9]+0.1129384878631564*favg[7])*alpha[13]+0.1767766952966368*(favg[0]*alpha[13]+favg[6]*alpha[11])+0.1581138830084189*alpha[4]*favg[10]+0.1767766952966368*(alpha[3]*favg[7]+favg[3]*alpha[7])+0.1581138830084189*(alpha[1]*favg[5]+favg[1]*alpha[5]); 
  Ghat[14] = (0.6123724356957944*(fSkin[40]+fEdge[40])+0.3535533905932737*fSkin[27]-0.3535533905932737*fEdge[27])*amax+0.1767766952966368*alpha[1]*favg[18]+0.1581138830084189*alpha[11]*favg[17]+0.1767766952966368*(alpha[0]*favg[14]+alpha[5]*favg[12])+0.1581138830084189*alpha[4]*favg[10]+0.1767766952966368*alpha[3]*favg[8]+0.1581138830084189*alpha[2]*favg[6]; 
  Ghat[15] = (0.6123724356957944*(fSkin[41]+fEdge[41])+0.3535533905932737*fSkin[28]-0.3535533905932737*fEdge[28])*amax+0.1581138830084189*alpha[11]*favg[19]+0.1767766952966368*(alpha[2]*favg[19]+alpha[4]*favg[16])+(0.1581138830084189*alpha[7]+0.1767766952966368*alpha[0])*favg[15]+0.1414213562373095*(alpha[5]*favg[13]+favg[5]*alpha[13])+0.1767766952966368*alpha[1]*favg[9]+0.1581138830084189*(alpha[3]*favg[5]+favg[3]*alpha[5]); 
  Ghat[16] = (0.6123724356957944*(fSkin[43]+fEdge[43])+0.3535533905932737*fSkin[30]-0.3535533905932737*fEdge[30])*amax+0.1767766952966368*alpha[1]*favg[19]+0.1581138830084189*alpha[13]*favg[17]+0.1767766952966368*(alpha[0]*favg[16]+alpha[4]*favg[15])+0.1581138830084189*alpha[5]*favg[10]+0.1767766952966368*alpha[2]*favg[9]+0.1581138830084189*alpha[3]*favg[6]; 
  Ghat[17] = (0.6123724356957944*(fSkin[44]+fEdge[44])+0.3535533905932737*fSkin[37]-0.3535533905932737*fEdge[37])*amax+0.1414213562373095*(alpha[5]*favg[19]+alpha[4]*favg[18])+(0.1129384878631564*alpha[7]+0.1767766952966368*alpha[0])*favg[17]+0.1581138830084189*(alpha[13]*favg[16]+alpha[11]*favg[14])+(0.1129384878631564*alpha[11]+0.1767766952966368*alpha[2])*favg[13]+0.1129384878631564*favg[11]*alpha[13]+0.1767766952966368*(favg[2]*alpha[13]+alpha[3]*favg[11]+favg[3]*alpha[11])+0.1581138830084189*alpha[1]*favg[10]+0.1767766952966368*favg[6]*alpha[7]+0.1581138830084189*(alpha[4]*favg[5]+favg[4]*alpha[5]); 
  Ghat[18] = (0.6123724356957944*(fSkin[46]+fEdge[46])+0.3535533905932737*fSkin[39]-0.3535533905932737*fEdge[39])*amax+(0.1581138830084189*alpha[7]+0.1767766952966368*alpha[0])*favg[18]+0.1414213562373095*alpha[4]*favg[17]+0.1767766952966368*alpha[1]*favg[14]+favg[12]*(0.1581138830084189*alpha[13]+0.1767766952966368*alpha[3])+favg[10]*(0.1414213562373095*alpha[11]+0.1581138830084189*alpha[2])+0.1767766952966368*alpha[5]*favg[8]+0.1581138830084189*alpha[4]*favg[6]; 
  Ghat[19] = (0.6123724356957944*(fSkin[47]+fEdge[47])+0.3535533905932737*fSkin[42]-0.3535533905932737*fEdge[42])*amax+(0.1581138830084189*alpha[7]+0.1767766952966368*alpha[0])*favg[19]+0.1414213562373095*alpha[5]*favg[17]+0.1767766952966368*alpha[1]*favg[16]+(0.1581138830084189*alpha[11]+0.1767766952966368*alpha[2])*favg[15]+favg[10]*(0.1414213562373095*alpha[13]+0.1581138830084189*alpha[3])+0.1767766952966368*alpha[4]*favg[9]+0.1581138830084189*alpha[5]*favg[6]; 

  out[0] += -0.7071067811865475*Ghat[0]*dv10; 
  out[1] += -0.7071067811865475*Ghat[1]*dv10; 
  out[2] += -1.224744871391589*Ghat[0]*dv10; 
  out[3] += -0.7071067811865475*Ghat[2]*dv10; 
  out[4] += -0.7071067811865475*Ghat[3]*dv10; 
  out[5] += -1.224744871391589*Ghat[1]*dv10; 
  out[6] += -0.7071067811865475*Ghat[4]*dv10; 
  out[7] += -1.224744871391589*Ghat[2]*dv10; 
  out[8] += -0.7071067811865475*Ghat[5]*dv10; 
  out[9] += -1.224744871391589*Ghat[3]*dv10; 
  out[10] += -0.7071067811865475*Ghat[6]*dv10; 
  out[11] += -0.7071067811865475*Ghat[7]*dv10; 
  out[12] += -1.58113883008419*Ghat[0]*dv10; 
  out[13] += -0.7071067811865475*Ghat[8]*dv10; 
  out[14] += -0.7071067811865475*Ghat[9]*dv10; 
  out[15] += -1.224744871391589*Ghat[4]*dv10; 
  out[16] += -1.224744871391589*Ghat[5]*dv10; 
  out[17] += -0.7071067811865475*Ghat[10]*dv10; 
  out[18] += -1.224744871391589*Ghat[6]*dv10; 
  out[19] += -1.224744871391589*Ghat[7]*dv10; 
  out[20] += -1.58113883008419*Ghat[1]*dv10; 
  out[21] += -0.7071067811865475*Ghat[11]*dv10; 
  out[22] += -1.58113883008419*Ghat[2]*dv10; 
  out[23] += -0.7071067811865475*Ghat[12]*dv10; 
  out[24] += -1.224744871391589*Ghat[8]*dv10; 
  out[25] += -0.7071067811865475*Ghat[13]*dv10; 
  out[26] += -1.58113883008419*Ghat[3]*dv10; 
  out[27] += -0.7071067811865475*Ghat[14]*dv10; 
  out[28] += -0.7071067811865475*Ghat[15]*dv10; 
  out[29] += -1.224744871391589*Ghat[9]*dv10; 
  out[30] += -0.7071067811865475*Ghat[16]*dv10; 
  out[31] += -1.224744871391589*Ghat[10]*dv10; 
  out[32] += -1.224744871391589*Ghat[11]*dv10; 
  out[33] += -1.58113883008419*Ghat[4]*dv10; 
  out[34] += -1.224744871391589*Ghat[12]*dv10; 
  out[35] += -1.224744871391589*Ghat[13]*dv10; 
  out[36] += -1.58113883008419*Ghat[5]*dv10; 
  out[37] += -0.7071067811865475*Ghat[17]*dv10; 
  out[38] += -1.58113883008419*Ghat[6]*dv10; 
  out[39] += -0.7071067811865475*Ghat[18]*dv10; 
  out[40] += -1.224744871391589*Ghat[14]*dv10; 
  out[41] += -1.224744871391589*Ghat[15]*dv10; 
  out[42] += -0.7071067811865475*Ghat[19]*dv10; 
  out[43] += -1.224744871391589*Ghat[16]*dv10; 
  out[44] += -1.224744871391589*Ghat[17]*dv10; 
  out[45] += -1.58113883008419*Ghat[10]*dv10; 
  out[46] += -1.224744871391589*Ghat[18]*dv10; 
  out[47] += -1.224744871391589*Ghat[19]*dv10; 

  } else { 

  favg[0] = 1.58113883008419*(fSkin[12]+fEdge[12])-1.224744871391589*fSkin[2]+1.224744871391589*fEdge[2]+0.7071067811865475*(fSkin[0]+fEdge[0]); 
  favg[1] = 1.58113883008419*(fSkin[20]+fEdge[20])-1.224744871391589*fSkin[5]+1.224744871391589*fEdge[5]+0.7071067811865475*(fSkin[1]+fEdge[1]); 
  favg[2] = 1.58113883008419*(fSkin[22]+fEdge[22])-1.224744871391589*fSkin[7]+1.224744871391589*fEdge[7]+0.7071067811865475*(fSkin[3]+fEdge[3]); 
  favg[3] = 1.58113883008419*(fSkin[26]+fEdge[26])-1.224744871391589*fSkin[9]+1.224744871391589*fEdge[9]+0.7071067811865475*(fSkin[4]+fEdge[4]); 
  favg[4] = 1.58113883008419*(fSkin[33]+fEdge[33])-1.224744871391589*fSkin[15]+1.224744871391589*fEdge[15]+0.7071067811865475*(fSkin[6]+fEdge[6]); 
  favg[5] = 1.58113883008419*(fSkin[36]+fEdge[36])-1.224744871391589*fSkin[16]+1.224744871391589*fEdge[16]+0.7071067811865475*(fSkin[8]+fEdge[8]); 
  favg[6] = 1.58113883008419*(fSkin[38]+fEdge[38])-1.224744871391589*fSkin[18]+1.224744871391589*fEdge[18]+0.7071067811865475*(fSkin[10]+fEdge[10]); 
  favg[7] = (-1.224744871391589*fSkin[19])+1.224744871391589*fEdge[19]+0.7071067811865475*(fSkin[11]+fEdge[11]); 
  favg[8] = (-1.224744871391589*fSkin[24])+1.224744871391589*fEdge[24]+0.7071067811865475*(fSkin[13]+fEdge[13]); 
  favg[9] = (-1.224744871391589*fSkin[29])+1.224744871391589*fEdge[29]+0.7071067811865475*(fSkin[14]+fEdge[14]); 
  favg[10] = 1.58113883008419*(fSkin[45]+fEdge[45])-1.224744871391589*fSkin[31]+1.224744871391589*fEdge[31]+0.7071067811865475*(fSkin[17]+fEdge[17]); 
  favg[11] = (-1.224744871391589*fSkin[32])+1.224744871391589*fEdge[32]+0.7071067811865475*(fSkin[21]+fEdge[21]); 
  favg[12] = (-1.224744871391589*fSkin[34])+1.224744871391589*fEdge[34]+0.7071067811865475*(fSkin[23]+fEdge[23]); 
  favg[13] = (-1.224744871391589*fSkin[35])+1.224744871391589*fEdge[35]+0.7071067811865475*(fSkin[25]+fEdge[25]); 
  favg[14] = (-1.224744871391589*fSkin[40])+1.224744871391589*fEdge[40]+0.7071067811865475*(fSkin[27]+fEdge[27]); 
  favg[15] = (-1.224744871391589*fSkin[41])+1.224744871391589*fEdge[41]+0.7071067811865475*(fSkin[28]+fEdge[28]); 
  favg[16] = (-1.224744871391589*fSkin[43])+1.224744871391589*fEdge[43]+0.7071067811865475*(fSkin[30]+fEdge[30]); 
  favg[17] = (-1.224744871391589*fSkin[44])+1.224744871391589*fEdge[44]+0.7071067811865475*(fSkin[37]+fEdge[37]); 
  favg[18] = (-1.224744871391589*fSkin[46])+1.224744871391589*fEdge[46]+0.7071067811865475*(fSkin[39]+fEdge[39]); 
  favg[19] = (-1.224744871391589*fSkin[47])+1.224744871391589*fEdge[47]+0.7071067811865475*(fSkin[42]+fEdge[42]); 

  Ghat[0] = ((-0.7905694150420947*fSkin[12])+0.7905694150420947*fEdge[12]+0.6123724356957944*(fSkin[2]+fEdge[2])-0.3535533905932737*fSkin[0]+0.3535533905932737*fEdge[0])*amax+0.1767766952966368*(alpha[13]*favg[13]+alpha[11]*favg[11]+alpha[7]*favg[7]+alpha[5]*favg[5]+alpha[4]*favg[4]+alpha[3]*favg[3]+alpha[2]*favg[2]+alpha[1]*favg[1]+alpha[0]*favg[0]); 
  Ghat[1] = ((-0.7905694150420947*fSkin[20])+0.7905694150420947*fEdge[20]+0.6123724356957944*(fSkin[5]+fEdge[5])-0.3535533905932737*fSkin[1]+0.3535533905932737*fEdge[1])*amax+0.1581138830084189*(alpha[5]*favg[13]+favg[5]*alpha[13]+alpha[4]*favg[11]+favg[4]*alpha[11]+alpha[1]*favg[7]+favg[1]*alpha[7])+0.1767766952966368*(alpha[3]*favg[5]+favg[3]*alpha[5]+alpha[2]*favg[4]+favg[2]*alpha[4]+alpha[0]*favg[1]+favg[0]*alpha[1]); 
  Ghat[2] = ((-0.7905694150420947*fSkin[22])+0.7905694150420947*fEdge[22]+0.6123724356957944*(fSkin[7]+fEdge[7])-0.3535533905932737*fSkin[3]+0.3535533905932737*fEdge[3])*amax+0.1767766952966368*alpha[13]*favg[17]+0.1581138830084189*alpha[4]*favg[12]+0.1767766952966368*(alpha[7]*favg[11]+favg[7]*alpha[11]+alpha[5]*favg[10])+0.1581138830084189*alpha[2]*favg[8]+0.1767766952966368*(alpha[3]*favg[6]+alpha[1]*favg[4]+favg[1]*alpha[4]+alpha[0]*favg[2]+favg[0]*alpha[2]); 
  Ghat[3] = ((-0.7905694150420947*fSkin[26])+0.7905694150420947*fEdge[26]+0.6123724356957944*(fSkin[9]+fEdge[9])-0.3535533905932737*fSkin[4]+0.3535533905932737*fEdge[4])*amax+0.1767766952966368*alpha[11]*favg[17]+0.1581138830084189*alpha[5]*favg[15]+0.1767766952966368*(alpha[7]*favg[13]+favg[7]*alpha[13]+alpha[4]*favg[10])+0.1581138830084189*alpha[3]*favg[9]+0.1767766952966368*(alpha[2]*favg[6]+alpha[1]*favg[5]+favg[1]*alpha[5]+alpha[0]*favg[3]+favg[0]*alpha[3]); 
  Ghat[4] = ((-0.7905694150420947*fSkin[33])+0.7905694150420947*fEdge[33]+0.6123724356957944*(fSkin[15]+fEdge[15])-0.3535533905932737*fSkin[6]+0.3535533905932737*fEdge[6])*amax+0.1581138830084189*(alpha[5]*favg[17]+favg[10]*alpha[13])+0.1414213562373095*alpha[11]*favg[12]+0.1581138830084189*(alpha[2]*favg[12]+alpha[1]*favg[11]+favg[1]*alpha[11])+0.1767766952966368*alpha[3]*favg[10]+0.1581138830084189*(alpha[4]*(favg[8]+favg[7])+favg[4]*alpha[7])+0.1767766952966368*(alpha[5]*favg[6]+alpha[0]*favg[4]+favg[0]*alpha[4]+alpha[1]*favg[2]+favg[1]*alpha[2]); 
  Ghat[5] = ((-0.7905694150420947*fSkin[36])+0.7905694150420947*fEdge[36]+0.6123724356957944*(fSkin[16]+fEdge[16])-0.3535533905932737*fSkin[8]+0.3535533905932737*fEdge[8])*amax+0.1581138830084189*alpha[4]*favg[17]+0.1414213562373095*alpha[13]*favg[15]+0.1581138830084189*(alpha[3]*favg[15]+alpha[1]*favg[13]+favg[1]*alpha[13])+favg[10]*(0.1581138830084189*alpha[11]+0.1767766952966368*alpha[2])+0.1581138830084189*(alpha[5]*(favg[9]+favg[7])+favg[5]*alpha[7])+0.1767766952966368*(alpha[4]*favg[6]+alpha[0]*favg[5]+favg[0]*alpha[5]+alpha[1]*favg[3]+favg[1]*alpha[3]); 
  Ghat[6] = ((-0.7905694150420947*fSkin[38])+0.7905694150420947*fEdge[38]+0.6123724356957944*(fSkin[18]+fEdge[18])-0.3535533905932737*fSkin[10]+0.3535533905932737*fEdge[10])*amax+0.1581138830084189*(alpha[5]*favg[19]+alpha[4]*favg[18])+0.1767766952966368*alpha[7]*favg[17]+0.1581138830084189*(alpha[3]*favg[16]+alpha[2]*favg[14])+0.1767766952966368*(alpha[11]*favg[13]+favg[11]*alpha[13]+alpha[1]*favg[10]+alpha[0]*favg[6]+alpha[4]*favg[5]+favg[4]*alpha[5]+alpha[2]*favg[3]+favg[2]*alpha[3]); 
  Ghat[7] = (0.6123724356957944*(fSkin[19]+fEdge[19])-0.3535533905932737*fSkin[11]+0.3535533905932737*fEdge[11])*amax+0.1129384878631564*alpha[13]*favg[13]+0.1767766952966368*(alpha[3]*favg[13]+favg[3]*alpha[13])+0.1129384878631564*alpha[11]*favg[11]+0.1767766952966368*(alpha[2]*favg[11]+favg[2]*alpha[11])+0.1129384878631564*alpha[7]*favg[7]+0.1767766952966368*(alpha[0]*favg[7]+favg[0]*alpha[7])+0.1581138830084189*(alpha[5]*favg[5]+alpha[4]*favg[4]+alpha[1]*favg[1]); 
  Ghat[8] = (0.6123724356957944*(fSkin[24]+fEdge[24])-0.3535533905932737*fSkin[13]+0.3535533905932737*fEdge[13])*amax+0.1767766952966368*(alpha[5]*favg[18]+alpha[3]*favg[14]+alpha[1]*favg[12])+0.1581138830084189*alpha[11]*favg[11]+0.1767766952966368*alpha[0]*favg[8]+0.1581138830084189*(alpha[4]*favg[4]+alpha[2]*favg[2]); 
  Ghat[9] = (0.6123724356957944*(fSkin[29]+fEdge[29])-0.3535533905932737*fSkin[14]+0.3535533905932737*fEdge[14])*amax+0.1767766952966368*(alpha[4]*favg[19]+alpha[2]*favg[16]+alpha[1]*favg[15])+0.1581138830084189*alpha[13]*favg[13]+0.1767766952966368*alpha[0]*favg[9]+0.1581138830084189*(alpha[5]*favg[5]+alpha[3]*favg[3]); 
  Ghat[10] = ((-0.7905694150420947*fSkin[45])+0.7905694150420947*fEdge[45]+0.6123724356957944*(fSkin[31]+fEdge[31])-0.3535533905932737*fSkin[17]+0.3535533905932737*fEdge[17])*amax+(0.1414213562373095*alpha[13]+0.1581138830084189*alpha[3])*favg[19]+0.1414213562373095*alpha[11]*favg[18]+0.1581138830084189*(alpha[2]*favg[18]+alpha[1]*favg[17]+alpha[5]*favg[16]+alpha[4]*(favg[14]+favg[13])+favg[4]*alpha[13]+alpha[5]*favg[11]+favg[5]*alpha[11]+alpha[7]*favg[10])+0.1767766952966368*(alpha[0]*favg[10]+alpha[1]*favg[6]+alpha[2]*favg[5]+favg[2]*alpha[5]+alpha[3]*favg[4]+favg[3]*alpha[4]); 
  Ghat[11] = (0.6123724356957944*(fSkin[32]+fEdge[32])-0.3535533905932737*fSkin[21]+0.3535533905932737*fEdge[21])*amax+0.1129384878631564*alpha[13]*favg[17]+0.1767766952966368*(alpha[3]*favg[17]+favg[6]*alpha[13])+0.1414213562373095*alpha[4]*favg[12]+(0.1129384878631564*alpha[7]+0.1767766952966368*alpha[0])*favg[11]+(0.1581138830084189*favg[8]+0.1129384878631564*favg[7]+0.1767766952966368*favg[0])*alpha[11]+0.1581138830084189*alpha[5]*favg[10]+0.1767766952966368*(alpha[2]*favg[7]+favg[2]*alpha[7])+0.1581138830084189*(alpha[1]*favg[4]+favg[1]*alpha[4]); 
  Ghat[12] = (0.6123724356957944*(fSkin[34]+fEdge[34])-0.3535533905932737*fSkin[23]+0.3535533905932737*fEdge[23])*amax+0.1581138830084189*alpha[13]*favg[18]+0.1767766952966368*(alpha[3]*favg[18]+alpha[5]*favg[14])+(0.1581138830084189*alpha[7]+0.1767766952966368*alpha[0])*favg[12]+0.1414213562373095*(alpha[4]*favg[11]+favg[4]*alpha[11])+0.1767766952966368*alpha[1]*favg[8]+0.1581138830084189*(alpha[2]*favg[4]+favg[2]*alpha[4]); 
  Ghat[13] = (0.6123724356957944*(fSkin[35]+fEdge[35])-0.3535533905932737*fSkin[25]+0.3535533905932737*fEdge[25])*amax+(0.1129384878631564*alpha[11]+0.1767766952966368*alpha[2])*favg[17]+0.1414213562373095*alpha[5]*favg[15]+(0.1129384878631564*alpha[7]+0.1767766952966368*alpha[0])*favg[13]+(0.1581138830084189*favg[9]+0.1129384878631564*favg[7])*alpha[13]+0.1767766952966368*(favg[0]*alpha[13]+favg[6]*alpha[11])+0.1581138830084189*alpha[4]*favg[10]+0.1767766952966368*(alpha[3]*favg[7]+favg[3]*alpha[7])+0.1581138830084189*(alpha[1]*favg[5]+favg[1]*alpha[5]); 
  Ghat[14] = (0.6123724356957944*(fSkin[40]+fEdge[40])-0.3535533905932737*fSkin[27]+0.3535533905932737*fEdge[27])*amax+0.1767766952966368*alpha[1]*favg[18]+0.1581138830084189*alpha[11]*favg[17]+0.1767766952966368*(alpha[0]*favg[14]+alpha[5]*favg[12])+0.1581138830084189*alpha[4]*favg[10]+0.1767766952966368*alpha[3]*favg[8]+0.1581138830084189*alpha[2]*favg[6]; 
  Ghat[15] = (0.6123724356957944*(fSkin[41]+fEdge[41])-0.3535533905932737*fSkin[28]+0.3535533905932737*fEdge[28])*amax+0.1581138830084189*alpha[11]*favg[19]+0.1767766952966368*(alpha[2]*favg[19]+alpha[4]*favg[16])+(0.1581138830084189*alpha[7]+0.1767766952966368*alpha[0])*favg[15]+0.1414213562373095*(alpha[5]*favg[13]+favg[5]*alpha[13])+0.1767766952966368*alpha[1]*favg[9]+0.1581138830084189*(alpha[3]*favg[5]+favg[3]*alpha[5]); 
  Ghat[16] = (0.6123724356957944*(fSkin[43]+fEdge[43])-0.3535533905932737*fSkin[30]+0.3535533905932737*fEdge[30])*amax+0.1767766952966368*alpha[1]*favg[19]+0.1581138830084189*alpha[13]*favg[17]+0.1767766952966368*(alpha[0]*favg[16]+alpha[4]*favg[15])+0.1581138830084189*alpha[5]*favg[10]+0.1767766952966368*alpha[2]*favg[9]+0.1581138830084189*alpha[3]*favg[6]; 
  Ghat[17] = (0.6123724356957944*(fSkin[44]+fEdge[44])-0.3535533905932737*fSkin[37]+0.3535533905932737*fEdge[37])*amax+0.1414213562373095*(alpha[5]*favg[19]+alpha[4]*favg[18])+(0.1129384878631564*alpha[7]+0.1767766952966368*alpha[0])*favg[17]+0.1581138830084189*(alpha[13]*favg[16]+alpha[11]*favg[14])+(0.1129384878631564*alpha[11]+0.1767766952966368*alpha[2])*favg[13]+0.1129384878631564*favg[11]*alpha[13]+0.1767766952966368*(favg[2]*alpha[13]+alpha[3]*favg[11]+favg[3]*alpha[11])+0.1581138830084189*alpha[1]*favg[10]+0.1767766952966368*favg[6]*alpha[7]+0.1581138830084189*(alpha[4]*favg[5]+favg[4]*alpha[5]); 
  Ghat[18] = (0.6123724356957944*(fSkin[46]+fEdge[46])-0.3535533905932737*fSkin[39]+0.3535533905932737*fEdge[39])*amax+(0.1581138830084189*alpha[7]+0.1767766952966368*alpha[0])*favg[18]+0.1414213562373095*alpha[4]*favg[17]+0.1767766952966368*alpha[1]*favg[14]+favg[12]*(0.1581138830084189*alpha[13]+0.1767766952966368*alpha[3])+favg[10]*(0.1414213562373095*alpha[11]+0.1581138830084189*alpha[2])+0.1767766952966368*alpha[5]*favg[8]+0.1581138830084189*alpha[4]*favg[6]; 
  Ghat[19] = (0.6123724356957944*(fSkin[47]+fEdge[47])-0.3535533905932737*fSkin[42]+0.3535533905932737*fEdge[42])*amax+(0.1581138830084189*alpha[7]+0.1767766952966368*alpha[0])*favg[19]+0.1414213562373095*alpha[5]*favg[17]+0.1767766952966368*alpha[1]*favg[16]+(0.1581138830084189*alpha[11]+0.1767766952966368*alpha[2])*favg[15]+favg[10]*(0.1414213562373095*alpha[13]+0.1581138830084189*alpha[3])+0.1767766952966368*alpha[4]*favg[9]+0.1581138830084189*alpha[5]*favg[6]; 

  out[0] += 0.7071067811865475*Ghat[0]*dv10; 
  out[1] += 0.7071067811865475*Ghat[1]*dv10; 
  out[2] += -1.224744871391589*Ghat[0]*dv10; 
  out[3] += 0.7071067811865475*Ghat[2]*dv10; 
  out[4] += 0.7071067811865475*Ghat[3]*dv10; 
  out[5] += -1.224744871391589*Ghat[1]*dv10; 
  out[6] += 0.7071067811865475*Ghat[4]*dv10; 
  out[7] += -1.224744871391589*Ghat[2]*dv10; 
  out[8] += 0.7071067811865475*Ghat[5]*dv10; 
  out[9] += -1.224744871391589*Ghat[3]*dv10; 
  out[10] += 0.7071067811865475*Ghat[6]*dv10; 
  out[11] += 0.7071067811865475*Ghat[7]*dv10; 
  out[12] += 1.58113883008419*Ghat[0]*dv10; 
  out[13] += 0.7071067811865475*Ghat[8]*dv10; 
  out[14] += 0.7071067811865475*Ghat[9]*dv10; 
  out[15] += -1.224744871391589*Ghat[4]*dv10; 
  out[16] += -1.224744871391589*Ghat[5]*dv10; 
  out[17] += 0.7071067811865475*Ghat[10]*dv10; 
  out[18] += -1.224744871391589*Ghat[6]*dv10; 
  out[19] += -1.224744871391589*Ghat[7]*dv10; 
  out[20] += 1.58113883008419*Ghat[1]*dv10; 
  out[21] += 0.7071067811865475*Ghat[11]*dv10; 
  out[22] += 1.58113883008419*Ghat[2]*dv10; 
  out[23] += 0.7071067811865475*Ghat[12]*dv10; 
  out[24] += -1.224744871391589*Ghat[8]*dv10; 
  out[25] += 0.7071067811865475*Ghat[13]*dv10; 
  out[26] += 1.58113883008419*Ghat[3]*dv10; 
  out[27] += 0.7071067811865475*Ghat[14]*dv10; 
  out[28] += 0.7071067811865475*Ghat[15]*dv10; 
  out[29] += -1.224744871391589*Ghat[9]*dv10; 
  out[30] += 0.7071067811865475*Ghat[16]*dv10; 
  out[31] += -1.224744871391589*Ghat[10]*dv10; 
  out[32] += -1.224744871391589*Ghat[11]*dv10; 
  out[33] += 1.58113883008419*Ghat[4]*dv10; 
  out[34] += -1.224744871391589*Ghat[12]*dv10; 
  out[35] += -1.224744871391589*Ghat[13]*dv10; 
  out[36] += 1.58113883008419*Ghat[5]*dv10; 
  out[37] += 0.7071067811865475*Ghat[17]*dv10; 
  out[38] += 1.58113883008419*Ghat[6]*dv10; 
  out[39] += 0.7071067811865475*Ghat[18]*dv10; 
  out[40] += -1.224744871391589*Ghat[14]*dv10; 
  out[41] += -1.224744871391589*Ghat[15]*dv10; 
  out[42] += 0.7071067811865475*Ghat[19]*dv10; 
  out[43] += -1.224744871391589*Ghat[16]*dv10; 
  out[44] += -1.224744871391589*Ghat[17]*dv10; 
  out[45] += 1.58113883008419*Ghat[10]*dv10; 
  out[46] += -1.224744871391589*Ghat[18]*dv10; 
  out[47] += -1.224744871391589*Ghat[19]*dv10; 

  } 
  return fabs(amid); 
} 
