#include <gkyl_vlasov_kernels.h> 
GKYL_CU_DH double vlasov_surfvy_2x3v_ser_p2(const double *w, const double *dxv, const double amax, const double *qmem, const double *fl, const double *fc, const double *fr, double* restrict out) 
{ 
  // w:         Cell-center coordinates.
  // dxv[NDIM]: Cell spacing.
  // amax:      amax in global lax flux.
  // qmem:      q/m*EM fields.
  // fl/fc/fr:  Input Distribution function in left/center/right cells 
  // out:       Output distribution function in center cell 
  // returns abs(amid) for use in determining amax in cfl and global lax flux 
  const double dv11 = 2/dxv[3]; 
  const double dv1 = dxv[2], wv1 = w[2]; 
  const double dv2 = dxv[3], wv2 = w[3]; 
  const double dv3 = dxv[4], wv3 = w[4]; 
  const double *E1 = &qmem[8]; 
  const double *B0 = &qmem[24]; 
  const double *B1 = &qmem[32]; 
  const double *B2 = &qmem[40]; 

  double Ghat_r[48]; 
  double favg_r[48]; 
  double Ghat_l[48]; 
  double favg_l[48]; 
  double alpha[48]; 

  favg_r[0] = 1.58113883008419*(fr[19]+fc[19])-1.224744871391589*fr[4]+1.224744871391589*fc[4]+0.7071067811865475*(fr[0]+fc[0]); 
  favg_r[1] = 1.58113883008419*(fr[40]+fc[40])-1.224744871391589*fr[9]+1.224744871391589*fc[9]+0.7071067811865475*(fr[1]+fc[1]); 
  favg_r[2] = 1.58113883008419*(fr[41]+fc[41])-1.224744871391589*fr[10]+1.224744871391589*fc[10]+0.7071067811865475*(fr[2]+fc[2]); 
  favg_r[3] = 1.58113883008419*(fr[42]+fc[42])-1.224744871391589*fr[11]+1.224744871391589*fc[11]+0.7071067811865475*(fr[3]+fc[3]); 
  favg_r[4] = 1.58113883008419*(fr[46]+fc[46])-1.224744871391589*fr[15]+1.224744871391589*fc[15]+0.7071067811865475*(fr[5]+fc[5]); 
  favg_r[5] = 1.58113883008419*(fr[65]+fc[65])-1.224744871391589*fr[22]+1.224744871391589*fc[22]+0.7071067811865475*(fr[6]+fc[6]); 
  favg_r[6] = 1.58113883008419*(fr[66]+fc[66])-1.224744871391589*fr[23]+1.224744871391589*fc[23]+0.7071067811865475*(fr[7]+fc[7]); 
  favg_r[7] = 1.58113883008419*(fr[67]+fc[67])-1.224744871391589*fr[24]+1.224744871391589*fc[24]+0.7071067811865475*(fr[8]+fc[8]); 
  favg_r[8] = 1.58113883008419*(fr[77]+fc[77])-1.224744871391589*fr[28]+1.224744871391589*fc[28]+0.7071067811865475*(fr[12]+fc[12]); 
  favg_r[9] = 1.58113883008419*(fr[78]+fc[78])-1.224744871391589*fr[29]+1.224744871391589*fc[29]+0.7071067811865475*(fr[13]+fc[13]); 
  favg_r[10] = 1.58113883008419*(fr[79]+fc[79])-1.224744871391589*fr[30]+1.224744871391589*fc[30]+0.7071067811865475*(fr[14]+fc[14]); 
  favg_r[11] = (-1.224744871391589*fr[37])+1.224744871391589*fc[37]+0.7071067811865475*(fr[16]+fc[16]); 
  favg_r[12] = (-1.224744871391589*fr[38])+1.224744871391589*fc[38]+0.7071067811865475*(fr[17]+fc[17]); 
  favg_r[13] = (-1.224744871391589*fr[39])+1.224744871391589*fc[39]+0.7071067811865475*(fr[18]+fc[18]); 
  favg_r[14] = (-1.224744871391589*fr[50])+1.224744871391589*fc[50]+0.7071067811865475*(fr[20]+fc[20]); 
  favg_r[15] = 1.58113883008419*(fr[90]+fc[90])-1.224744871391589*fr[51]+1.224744871391589*fc[51]+0.7071067811865475*(fr[21]+fc[21]); 
  favg_r[16] = 1.58113883008419*(fr[100]+fc[100])-1.224744871391589*fr[53]+1.224744871391589*fc[53]+0.7071067811865475*(fr[25]+fc[25]); 
  favg_r[17] = 1.58113883008419*(fr[101]+fc[101])-1.224744871391589*fr[54]+1.224744871391589*fc[54]+0.7071067811865475*(fr[26]+fc[26]); 
  favg_r[18] = 1.58113883008419*(fr[102]+fc[102])-1.224744871391589*fr[55]+1.224744871391589*fc[55]+0.7071067811865475*(fr[27]+fc[27]); 
  favg_r[19] = (-1.224744871391589*fr[59])+1.224744871391589*fc[59]+0.7071067811865475*(fr[31]+fc[31]); 
  favg_r[20] = (-1.224744871391589*fr[60])+1.224744871391589*fc[60]+0.7071067811865475*(fr[32]+fc[32]); 
  favg_r[21] = (-1.224744871391589*fr[61])+1.224744871391589*fc[61]+0.7071067811865475*(fr[33]+fc[33]); 
  favg_r[22] = (-1.224744871391589*fr[62])+1.224744871391589*fc[62]+0.7071067811865475*(fr[34]+fc[34]); 
  favg_r[23] = (-1.224744871391589*fr[63])+1.224744871391589*fc[63]+0.7071067811865475*(fr[35]+fc[35]); 
  favg_r[24] = (-1.224744871391589*fr[64])+1.224744871391589*fc[64]+0.7071067811865475*(fr[36]+fc[36]); 
  favg_r[25] = (-1.224744871391589*fr[74])+1.224744871391589*fc[74]+0.7071067811865475*(fr[43]+fc[43]); 
  favg_r[26] = (-1.224744871391589*fr[75])+1.224744871391589*fc[75]+0.7071067811865475*(fr[44]+fc[44]); 
  favg_r[27] = (-1.224744871391589*fr[76])+1.224744871391589*fc[76]+0.7071067811865475*(fr[45]+fc[45]); 
  favg_r[28] = (-1.224744871391589*fr[83])+1.224744871391589*fc[83]+0.7071067811865475*(fr[47]+fc[47]); 
  favg_r[29] = (-1.224744871391589*fr[84])+1.224744871391589*fc[84]+0.7071067811865475*(fr[48]+fc[48]); 
  favg_r[30] = (-1.224744871391589*fr[85])+1.224744871391589*fc[85]+0.7071067811865475*(fr[49]+fc[49]); 
  favg_r[31] = 1.58113883008419*(fr[110]+fc[110])-1.224744871391589*fr[86]+1.224744871391589*fc[86]+0.7071067811865475*(fr[52]+fc[52]); 
  favg_r[32] = (-1.224744871391589*fr[87])+1.224744871391589*fc[87]+0.7071067811865475*(fr[56]+fc[56]); 
  favg_r[33] = (-1.224744871391589*fr[88])+1.224744871391589*fc[88]+0.7071067811865475*(fr[57]+fc[57]); 
  favg_r[34] = (-1.224744871391589*fr[89])+1.224744871391589*fc[89]+0.7071067811865475*(fr[58]+fc[58]); 
  favg_r[35] = (-1.224744871391589*fr[94])+1.224744871391589*fc[94]+0.7071067811865475*(fr[68]+fc[68]); 
  favg_r[36] = (-1.224744871391589*fr[95])+1.224744871391589*fc[95]+0.7071067811865475*(fr[69]+fc[69]); 
  favg_r[37] = (-1.224744871391589*fr[96])+1.224744871391589*fc[96]+0.7071067811865475*(fr[70]+fc[70]); 
  favg_r[38] = (-1.224744871391589*fr[97])+1.224744871391589*fc[97]+0.7071067811865475*(fr[71]+fc[71]); 
  favg_r[39] = (-1.224744871391589*fr[98])+1.224744871391589*fc[98]+0.7071067811865475*(fr[72]+fc[72]); 
  favg_r[40] = (-1.224744871391589*fr[99])+1.224744871391589*fc[99]+0.7071067811865475*(fr[73]+fc[73]); 
  favg_r[41] = (-1.224744871391589*fr[104])+1.224744871391589*fc[104]+0.7071067811865475*(fr[80]+fc[80]); 
  favg_r[42] = (-1.224744871391589*fr[105])+1.224744871391589*fc[105]+0.7071067811865475*(fr[81]+fc[81]); 
  favg_r[43] = (-1.224744871391589*fr[106])+1.224744871391589*fc[106]+0.7071067811865475*(fr[82]+fc[82]); 
  favg_r[44] = (-1.224744871391589*fr[107])+1.224744871391589*fc[107]+0.7071067811865475*(fr[91]+fc[91]); 
  favg_r[45] = (-1.224744871391589*fr[108])+1.224744871391589*fc[108]+0.7071067811865475*(fr[92]+fc[92]); 
  favg_r[46] = (-1.224744871391589*fr[109])+1.224744871391589*fc[109]+0.7071067811865475*(fr[93]+fc[93]); 
  favg_r[47] = (-1.224744871391589*fr[111])+1.224744871391589*fc[111]+0.7071067811865475*(fr[103]+fc[103]); 

  favg_l[0] = 1.58113883008419*(fl[19]+fc[19])+1.224744871391589*fl[4]-1.224744871391589*fc[4]+0.7071067811865475*(fl[0]+fc[0]); 
  favg_l[1] = 1.58113883008419*(fl[40]+fc[40])+1.224744871391589*fl[9]-1.224744871391589*fc[9]+0.7071067811865475*(fl[1]+fc[1]); 
  favg_l[2] = 1.58113883008419*(fl[41]+fc[41])+1.224744871391589*fl[10]-1.224744871391589*fc[10]+0.7071067811865475*(fl[2]+fc[2]); 
  favg_l[3] = 1.58113883008419*(fl[42]+fc[42])+1.224744871391589*fl[11]-1.224744871391589*fc[11]+0.7071067811865475*(fl[3]+fc[3]); 
  favg_l[4] = 1.58113883008419*(fl[46]+fc[46])+1.224744871391589*fl[15]-1.224744871391589*fc[15]+0.7071067811865475*(fl[5]+fc[5]); 
  favg_l[5] = 1.58113883008419*(fl[65]+fc[65])+1.224744871391589*fl[22]-1.224744871391589*fc[22]+0.7071067811865475*(fl[6]+fc[6]); 
  favg_l[6] = 1.58113883008419*(fl[66]+fc[66])+1.224744871391589*fl[23]-1.224744871391589*fc[23]+0.7071067811865475*(fl[7]+fc[7]); 
  favg_l[7] = 1.58113883008419*(fl[67]+fc[67])+1.224744871391589*fl[24]-1.224744871391589*fc[24]+0.7071067811865475*(fl[8]+fc[8]); 
  favg_l[8] = 1.58113883008419*(fl[77]+fc[77])+1.224744871391589*fl[28]-1.224744871391589*fc[28]+0.7071067811865475*(fl[12]+fc[12]); 
  favg_l[9] = 1.58113883008419*(fl[78]+fc[78])+1.224744871391589*fl[29]-1.224744871391589*fc[29]+0.7071067811865475*(fl[13]+fc[13]); 
  favg_l[10] = 1.58113883008419*(fl[79]+fc[79])+1.224744871391589*fl[30]-1.224744871391589*fc[30]+0.7071067811865475*(fl[14]+fc[14]); 
  favg_l[11] = 1.224744871391589*fl[37]-1.224744871391589*fc[37]+0.7071067811865475*(fl[16]+fc[16]); 
  favg_l[12] = 1.224744871391589*fl[38]-1.224744871391589*fc[38]+0.7071067811865475*(fl[17]+fc[17]); 
  favg_l[13] = 1.224744871391589*fl[39]-1.224744871391589*fc[39]+0.7071067811865475*(fl[18]+fc[18]); 
  favg_l[14] = 1.224744871391589*fl[50]-1.224744871391589*fc[50]+0.7071067811865475*(fl[20]+fc[20]); 
  favg_l[15] = 1.58113883008419*(fl[90]+fc[90])+1.224744871391589*fl[51]-1.224744871391589*fc[51]+0.7071067811865475*(fl[21]+fc[21]); 
  favg_l[16] = 1.58113883008419*(fl[100]+fc[100])+1.224744871391589*fl[53]-1.224744871391589*fc[53]+0.7071067811865475*(fl[25]+fc[25]); 
  favg_l[17] = 1.58113883008419*(fl[101]+fc[101])+1.224744871391589*fl[54]-1.224744871391589*fc[54]+0.7071067811865475*(fl[26]+fc[26]); 
  favg_l[18] = 1.58113883008419*(fl[102]+fc[102])+1.224744871391589*fl[55]-1.224744871391589*fc[55]+0.7071067811865475*(fl[27]+fc[27]); 
  favg_l[19] = 1.224744871391589*fl[59]-1.224744871391589*fc[59]+0.7071067811865475*(fl[31]+fc[31]); 
  favg_l[20] = 1.224744871391589*fl[60]-1.224744871391589*fc[60]+0.7071067811865475*(fl[32]+fc[32]); 
  favg_l[21] = 1.224744871391589*fl[61]-1.224744871391589*fc[61]+0.7071067811865475*(fl[33]+fc[33]); 
  favg_l[22] = 1.224744871391589*fl[62]-1.224744871391589*fc[62]+0.7071067811865475*(fl[34]+fc[34]); 
  favg_l[23] = 1.224744871391589*fl[63]-1.224744871391589*fc[63]+0.7071067811865475*(fl[35]+fc[35]); 
  favg_l[24] = 1.224744871391589*fl[64]-1.224744871391589*fc[64]+0.7071067811865475*(fl[36]+fc[36]); 
  favg_l[25] = 1.224744871391589*fl[74]-1.224744871391589*fc[74]+0.7071067811865475*(fl[43]+fc[43]); 
  favg_l[26] = 1.224744871391589*fl[75]-1.224744871391589*fc[75]+0.7071067811865475*(fl[44]+fc[44]); 
  favg_l[27] = 1.224744871391589*fl[76]-1.224744871391589*fc[76]+0.7071067811865475*(fl[45]+fc[45]); 
  favg_l[28] = 1.224744871391589*fl[83]-1.224744871391589*fc[83]+0.7071067811865475*(fl[47]+fc[47]); 
  favg_l[29] = 1.224744871391589*fl[84]-1.224744871391589*fc[84]+0.7071067811865475*(fl[48]+fc[48]); 
  favg_l[30] = 1.224744871391589*fl[85]-1.224744871391589*fc[85]+0.7071067811865475*(fl[49]+fc[49]); 
  favg_l[31] = 1.58113883008419*(fl[110]+fc[110])+1.224744871391589*fl[86]-1.224744871391589*fc[86]+0.7071067811865475*(fl[52]+fc[52]); 
  favg_l[32] = 1.224744871391589*fl[87]-1.224744871391589*fc[87]+0.7071067811865475*(fl[56]+fc[56]); 
  favg_l[33] = 1.224744871391589*fl[88]-1.224744871391589*fc[88]+0.7071067811865475*(fl[57]+fc[57]); 
  favg_l[34] = 1.224744871391589*fl[89]-1.224744871391589*fc[89]+0.7071067811865475*(fl[58]+fc[58]); 
  favg_l[35] = 1.224744871391589*fl[94]-1.224744871391589*fc[94]+0.7071067811865475*(fl[68]+fc[68]); 
  favg_l[36] = 1.224744871391589*fl[95]-1.224744871391589*fc[95]+0.7071067811865475*(fl[69]+fc[69]); 
  favg_l[37] = 1.224744871391589*fl[96]-1.224744871391589*fc[96]+0.7071067811865475*(fl[70]+fc[70]); 
  favg_l[38] = 1.224744871391589*fl[97]-1.224744871391589*fc[97]+0.7071067811865475*(fl[71]+fc[71]); 
  favg_l[39] = 1.224744871391589*fl[98]-1.224744871391589*fc[98]+0.7071067811865475*(fl[72]+fc[72]); 
  favg_l[40] = 1.224744871391589*fl[99]-1.224744871391589*fc[99]+0.7071067811865475*(fl[73]+fc[73]); 
  favg_l[41] = 1.224744871391589*fl[104]-1.224744871391589*fc[104]+0.7071067811865475*(fl[80]+fc[80]); 
  favg_l[42] = 1.224744871391589*fl[105]-1.224744871391589*fc[105]+0.7071067811865475*(fl[81]+fc[81]); 
  favg_l[43] = 1.224744871391589*fl[106]-1.224744871391589*fc[106]+0.7071067811865475*(fl[82]+fc[82]); 
  favg_l[44] = 1.224744871391589*fl[107]-1.224744871391589*fc[107]+0.7071067811865475*(fl[91]+fc[91]); 
  favg_l[45] = 1.224744871391589*fl[108]-1.224744871391589*fc[108]+0.7071067811865475*(fl[92]+fc[92]); 
  favg_l[46] = 1.224744871391589*fl[109]-1.224744871391589*fc[109]+0.7071067811865475*(fl[93]+fc[93]); 
  favg_l[47] = 1.224744871391589*fl[111]-1.224744871391589*fc[111]+0.7071067811865475*(fl[103]+fc[103]); 

  alpha[0] = 2.0*B0[0]*wv3-2.0*B2[0]*wv1+2.0*E1[0]; 
  alpha[1] = 2.0*B0[1]*wv3-2.0*B2[1]*wv1+2.0*E1[1]; 
  alpha[2] = 2.0*B0[2]*wv3-2.0*B2[2]*wv1+2.0*E1[2]; 
  alpha[3] = -0.5773502691896258*B2[0]*dv1; 
  alpha[4] = 0.5773502691896258*B0[0]*dv3; 
  alpha[5] = 2.0*B0[3]*wv3-2.0*B2[3]*wv1+2.0*E1[3]; 
  alpha[6] = -0.5773502691896258*B2[1]*dv1; 
  alpha[7] = -0.5773502691896258*B2[2]*dv1; 
  alpha[8] = 0.5773502691896258*B0[1]*dv3; 
  alpha[9] = 0.5773502691896258*B0[2]*dv3; 
  alpha[11] = 2.0*B0[4]*wv3-2.0*B2[4]*wv1+2.0*E1[4]; 
  alpha[12] = 2.0*B0[5]*wv3-2.0*B2[5]*wv1+2.0*E1[5]; 
  alpha[15] = -0.5773502691896258*B2[3]*dv1; 
  alpha[16] = 0.5773502691896258*B0[3]*dv3; 
  alpha[19] = 2.0*B0[6]*wv3-2.0*B2[6]*wv1+2.0*E1[6]; 
  alpha[20] = 2.0*B0[7]*wv3-2.0*B2[7]*wv1+2.0*E1[7]; 
  alpha[21] = -0.5773502691896258*B2[4]*dv1; 
  alpha[22] = -0.5773502691896258*B2[5]*dv1; 
  alpha[25] = 0.5773502691896258*B0[4]*dv3; 
  alpha[26] = 0.5773502691896258*B0[5]*dv3; 
  alpha[32] = -0.5773502691896258*B2[6]*dv1; 
  alpha[33] = -0.5773502691896258*B2[7]*dv1; 
  alpha[35] = 0.5773502691896258*B0[6]*dv3; 
  alpha[36] = 0.5773502691896258*B0[7]*dv3; 

  double amid = (-0.2795084971874737*alpha[12])-0.2795084971874737*alpha[11]+0.25*alpha[0]; 

  Ghat_r[0] = ((-0.7905694150420947*fr[19])+0.7905694150420947*fc[19]+0.6123724356957944*(fr[4]+fc[4])-0.3535533905932737*fr[0]+0.3535533905932737*fc[0])*amax+0.125*(alpha[36]*favg_r[36]+alpha[35]*favg_r[35]+alpha[33]*favg_r[33]+alpha[32]*favg_r[32]+alpha[26]*favg_r[26]+alpha[25]*favg_r[25]+alpha[22]*favg_r[22]+alpha[21]*favg_r[21]+alpha[20]*favg_r[20]+alpha[19]*favg_r[19]+alpha[16]*favg_r[16]+alpha[15]*favg_r[15]+alpha[12]*favg_r[12]+alpha[11]*favg_r[11]+alpha[9]*favg_r[9]+alpha[8]*favg_r[8]+alpha[7]*favg_r[7]+alpha[6]*favg_r[6]+alpha[5]*favg_r[5]+alpha[4]*favg_r[4]+alpha[3]*favg_r[3]+alpha[2]*favg_r[2]+alpha[1]*favg_r[1]+alpha[0]*favg_r[0]); 
  Ghat_r[1] = ((-0.7905694150420947*fr[40])+0.7905694150420947*fc[40]+0.6123724356957944*(fr[9]+fc[9])-0.3535533905932737*fr[1]+0.3535533905932737*fc[1])*amax+0.125*(alpha[26]*favg_r[36]+favg_r[26]*alpha[36])+0.1118033988749895*(alpha[16]*favg_r[35]+favg_r[16]*alpha[35])+0.125*(alpha[22]*favg_r[33]+favg_r[22]*alpha[33])+0.1118033988749895*(alpha[15]*favg_r[32]+favg_r[15]*alpha[32]+alpha[8]*favg_r[25]+favg_r[8]*alpha[25]+alpha[6]*favg_r[21]+favg_r[6]*alpha[21])+0.125*(alpha[12]*favg_r[20]+favg_r[12]*alpha[20])+0.1118033988749895*(alpha[5]*favg_r[19]+favg_r[5]*alpha[19])+0.125*(alpha[9]*favg_r[16]+favg_r[9]*alpha[16]+alpha[7]*favg_r[15]+favg_r[7]*alpha[15])+0.1118033988749895*(alpha[1]*favg_r[11]+favg_r[1]*alpha[11])+0.125*(alpha[4]*favg_r[8]+favg_r[4]*alpha[8]+alpha[3]*favg_r[6]+favg_r[3]*alpha[6]+alpha[2]*favg_r[5]+favg_r[2]*alpha[5]+alpha[0]*favg_r[1]+favg_r[0]*alpha[1]); 
  Ghat_r[2] = ((-0.7905694150420947*fr[41])+0.7905694150420947*fc[41]+0.6123724356957944*(fr[10]+fc[10])-0.3535533905932737*fr[2]+0.3535533905932737*fc[2])*amax+0.1118033988749895*(alpha[16]*favg_r[36]+favg_r[16]*alpha[36])+0.125*(alpha[25]*favg_r[35]+favg_r[25]*alpha[35])+0.1118033988749895*(alpha[15]*favg_r[33]+favg_r[15]*alpha[33])+0.125*(alpha[21]*favg_r[32]+favg_r[21]*alpha[32])+0.1118033988749895*(alpha[9]*favg_r[26]+favg_r[9]*alpha[26]+alpha[7]*favg_r[22]+favg_r[7]*alpha[22]+alpha[5]*favg_r[20]+favg_r[5]*alpha[20])+0.125*(alpha[11]*favg_r[19]+favg_r[11]*alpha[19]+alpha[8]*favg_r[16]+favg_r[8]*alpha[16]+alpha[6]*favg_r[15]+favg_r[6]*alpha[15])+0.1118033988749895*(alpha[2]*favg_r[12]+favg_r[2]*alpha[12])+0.125*(alpha[4]*favg_r[9]+favg_r[4]*alpha[9]+alpha[3]*favg_r[7]+favg_r[3]*alpha[7]+alpha[1]*favg_r[5]+favg_r[1]*alpha[5]+alpha[0]*favg_r[2]+favg_r[0]*alpha[2]); 
  Ghat_r[3] = ((-0.7905694150420947*fr[42])+0.7905694150420947*fc[42]+0.6123724356957944*(fr[11]+fc[11])-0.3535533905932737*fr[3]+0.3535533905932737*fc[3])*amax+0.125*(alpha[36]*favg_r[45]+alpha[35]*favg_r[44]+alpha[26]*favg_r[38]+alpha[25]*favg_r[37])+0.1118033988749895*alpha[15]*favg_r[34]+0.125*(alpha[20]*favg_r[33]+favg_r[20]*alpha[33]+alpha[19]*favg_r[32]+favg_r[19]*alpha[32]+alpha[16]*favg_r[31])+0.1118033988749895*(alpha[7]*favg_r[24]+alpha[6]*favg_r[23])+0.125*(alpha[12]*favg_r[22]+favg_r[12]*alpha[22]+alpha[11]*favg_r[21]+favg_r[11]*alpha[21]+alpha[9]*favg_r[18]+alpha[8]*favg_r[17]+alpha[5]*favg_r[15]+favg_r[5]*alpha[15])+0.1118033988749895*alpha[3]*favg_r[13]+0.125*(alpha[4]*favg_r[10]+alpha[2]*favg_r[7]+favg_r[2]*alpha[7]+alpha[1]*favg_r[6]+favg_r[1]*alpha[6]+alpha[0]*favg_r[3]+favg_r[0]*alpha[3]); 
  Ghat_r[4] = ((-0.7905694150420947*fr[46])+0.7905694150420947*fc[46]+0.6123724356957944*(fr[15]+fc[15])-0.3535533905932737*fr[5]+0.3535533905932737*fc[5])*amax+0.125*(alpha[33]*favg_r[45]+alpha[32]*favg_r[44])+0.1118033988749895*alpha[16]*favg_r[41]+0.125*(alpha[22]*favg_r[38]+alpha[21]*favg_r[37]+alpha[20]*favg_r[36]+favg_r[20]*alpha[36]+alpha[19]*favg_r[35]+favg_r[19]*alpha[35]+alpha[15]*favg_r[31])+0.1118033988749895*(alpha[9]*favg_r[29]+alpha[8]*favg_r[28])+0.125*(alpha[12]*favg_r[26]+favg_r[12]*alpha[26]+alpha[11]*favg_r[25]+favg_r[11]*alpha[25]+alpha[7]*favg_r[18]+alpha[6]*favg_r[17]+alpha[5]*favg_r[16]+favg_r[5]*alpha[16])+0.1118033988749895*alpha[4]*favg_r[14]+0.125*(alpha[3]*favg_r[10]+alpha[2]*favg_r[9]+favg_r[2]*alpha[9]+alpha[1]*favg_r[8]+favg_r[1]*alpha[8]+alpha[0]*favg_r[4]+favg_r[0]*alpha[4]); 
  Ghat_r[5] = ((-0.7905694150420947*fr[65])+0.7905694150420947*fc[65]+0.6123724356957944*(fr[22]+fc[22])-0.3535533905932737*fr[6]+0.3535533905932737*fc[6])*amax+(0.1*alpha[35]+0.1118033988749895*alpha[9])*favg_r[36]+0.1*favg_r[35]*alpha[36]+0.1118033988749895*(favg_r[9]*alpha[36]+alpha[8]*favg_r[35]+favg_r[8]*alpha[35])+(0.1*alpha[32]+0.1118033988749895*alpha[7])*favg_r[33]+0.1*favg_r[32]*alpha[33]+0.1118033988749895*(favg_r[7]*alpha[33]+alpha[6]*favg_r[32]+favg_r[6]*alpha[32]+alpha[16]*favg_r[26]+favg_r[16]*alpha[26]+alpha[16]*favg_r[25]+favg_r[16]*alpha[25]+alpha[15]*favg_r[22]+favg_r[15]*alpha[22]+alpha[15]*favg_r[21]+favg_r[15]*alpha[21])+(0.1*alpha[19]+0.1118033988749895*alpha[2])*favg_r[20]+0.1*favg_r[19]*alpha[20]+0.1118033988749895*(favg_r[2]*alpha[20]+alpha[1]*favg_r[19]+favg_r[1]*alpha[19])+0.125*(alpha[4]*favg_r[16]+favg_r[4]*alpha[16]+alpha[3]*favg_r[15]+favg_r[3]*alpha[15])+0.1118033988749895*(alpha[5]*favg_r[12]+favg_r[5]*alpha[12]+alpha[5]*favg_r[11]+favg_r[5]*alpha[11])+0.125*(alpha[8]*favg_r[9]+favg_r[8]*alpha[9]+alpha[6]*favg_r[7]+favg_r[6]*alpha[7]+alpha[0]*favg_r[5]+favg_r[0]*alpha[5]+alpha[1]*favg_r[2]+favg_r[1]*alpha[2]); 
  Ghat_r[6] = ((-0.7905694150420947*fr[66])+0.7905694150420947*fc[66]+0.6123724356957944*(fr[23]+fc[23])-0.3535533905932737*fr[7]+0.3535533905932737*fc[7])*amax+0.125*alpha[26]*favg_r[45]+0.1118033988749895*alpha[16]*favg_r[44]+0.125*alpha[36]*favg_r[38]+0.1118033988749895*(alpha[8]*favg_r[37]+favg_r[31]*alpha[35])+(0.1*alpha[32]+0.1118033988749895*alpha[7])*favg_r[34]+0.125*(alpha[12]*favg_r[33]+favg_r[12]*alpha[33])+0.1118033988749895*(alpha[5]*favg_r[32]+favg_r[5]*alpha[32])+0.125*alpha[9]*favg_r[31]+0.1118033988749895*(favg_r[17]*alpha[25]+alpha[15]*favg_r[24])+(0.1*alpha[21]+0.1118033988749895*alpha[3])*favg_r[23]+0.125*(alpha[20]*favg_r[22]+favg_r[20]*alpha[22])+0.1118033988749895*(alpha[1]*favg_r[21]+favg_r[1]*alpha[21]+alpha[15]*favg_r[19]+favg_r[15]*alpha[19])+0.125*(alpha[16]*favg_r[18]+alpha[4]*favg_r[17]+alpha[2]*favg_r[15]+favg_r[2]*alpha[15])+0.1118033988749895*(alpha[6]*(favg_r[13]+favg_r[11])+favg_r[6]*alpha[11])+0.125*(alpha[8]*favg_r[10]+alpha[5]*favg_r[7]+favg_r[5]*alpha[7]+alpha[0]*favg_r[6]+favg_r[0]*alpha[6]+alpha[1]*favg_r[3]+favg_r[1]*alpha[3]); 
  Ghat_r[7] = ((-0.7905694150420947*fr[67])+0.7905694150420947*fc[67]+0.6123724356957944*(fr[24]+fc[24])-0.3535533905932737*fr[8]+0.3535533905932737*fc[8])*amax+0.1118033988749895*alpha[16]*favg_r[45]+0.125*alpha[25]*favg_r[44]+0.1118033988749895*alpha[9]*favg_r[38]+0.125*alpha[35]*favg_r[37]+0.1118033988749895*favg_r[31]*alpha[36]+0.1*alpha[33]*favg_r[34]+0.1118033988749895*(alpha[6]*favg_r[34]+alpha[5]*favg_r[33]+favg_r[5]*alpha[33])+0.125*(alpha[11]*favg_r[32]+favg_r[11]*alpha[32]+alpha[8]*favg_r[31])+0.1118033988749895*favg_r[18]*alpha[26]+0.1*alpha[22]*favg_r[24]+0.1118033988749895*(alpha[3]*favg_r[24]+alpha[15]*favg_r[23]+alpha[2]*favg_r[22]+favg_r[2]*alpha[22])+0.125*(alpha[19]*favg_r[21]+favg_r[19]*alpha[21])+0.1118033988749895*(alpha[15]*favg_r[20]+favg_r[15]*alpha[20])+0.125*(alpha[4]*favg_r[18]+alpha[16]*favg_r[17]+alpha[1]*favg_r[15]+favg_r[1]*alpha[15])+0.1118033988749895*(alpha[7]*(favg_r[13]+favg_r[12])+favg_r[7]*alpha[12])+0.125*(alpha[9]*favg_r[10]+alpha[0]*favg_r[7]+favg_r[0]*alpha[7]+alpha[5]*favg_r[6]+favg_r[5]*alpha[6]+alpha[2]*favg_r[3]+favg_r[2]*alpha[3]); 
  Ghat_r[8] = ((-0.7905694150420947*fr[77])+0.7905694150420947*fc[77]+0.6123724356957944*(fr[28]+fc[28])-0.3535533905932737*fr[12]+0.3535533905932737*fc[12])*amax+0.125*alpha[22]*favg_r[45]+0.1118033988749895*alpha[15]*favg_r[44]+(0.1*alpha[35]+0.1118033988749895*alpha[9])*favg_r[41]+0.125*alpha[33]*favg_r[38]+0.1118033988749895*alpha[6]*favg_r[37]+0.125*(alpha[12]*favg_r[36]+favg_r[12]*alpha[36])+0.1118033988749895*(alpha[5]*favg_r[35]+favg_r[5]*alpha[35])+favg_r[31]*(0.1118033988749895*alpha[32]+0.125*alpha[7])+0.1118033988749895*alpha[16]*favg_r[29]+(0.1*alpha[25]+0.1118033988749895*alpha[4])*favg_r[28]+0.125*(alpha[20]*favg_r[26]+favg_r[20]*alpha[26])+0.1118033988749895*(alpha[1]*favg_r[25]+favg_r[1]*alpha[25]+favg_r[17]*alpha[21]+alpha[16]*favg_r[19]+favg_r[16]*alpha[19])+0.125*(alpha[15]*favg_r[18]+alpha[3]*favg_r[17]+alpha[2]*favg_r[16]+favg_r[2]*alpha[16])+0.1118033988749895*(alpha[8]*(favg_r[14]+favg_r[11])+favg_r[8]*alpha[11])+0.125*(alpha[6]*favg_r[10]+alpha[5]*favg_r[9]+favg_r[5]*alpha[9]+alpha[0]*favg_r[8]+favg_r[0]*alpha[8]+alpha[1]*favg_r[4]+favg_r[1]*alpha[4]); 
  Ghat_r[9] = ((-0.7905694150420947*fr[78])+0.7905694150420947*fc[78]+0.6123724356957944*(fr[29]+fc[29])-0.3535533905932737*fr[13]+0.3535533905932737*fc[13])*amax+0.1118033988749895*alpha[15]*favg_r[45]+0.125*alpha[21]*favg_r[44]+0.1*alpha[36]*favg_r[41]+0.1118033988749895*(alpha[8]*favg_r[41]+alpha[7]*favg_r[38])+0.125*alpha[32]*favg_r[37]+0.1118033988749895*(alpha[5]*favg_r[36]+favg_r[5]*alpha[36])+0.125*(alpha[11]*favg_r[35]+favg_r[11]*alpha[35])+favg_r[31]*(0.1118033988749895*alpha[33]+0.125*alpha[6])+0.1*alpha[26]*favg_r[29]+0.1118033988749895*(alpha[4]*favg_r[29]+alpha[16]*favg_r[28]+alpha[2]*favg_r[26]+favg_r[2]*alpha[26])+0.125*(alpha[19]*favg_r[25]+favg_r[19]*alpha[25])+0.1118033988749895*(favg_r[18]*alpha[22]+alpha[16]*favg_r[20]+favg_r[16]*alpha[20])+0.125*(alpha[3]*favg_r[18]+alpha[15]*favg_r[17]+alpha[1]*favg_r[16]+favg_r[1]*alpha[16])+0.1118033988749895*(alpha[9]*(favg_r[14]+favg_r[12])+favg_r[9]*alpha[12])+0.125*(alpha[7]*favg_r[10]+alpha[0]*favg_r[9]+favg_r[0]*alpha[9]+alpha[5]*favg_r[8]+favg_r[5]*alpha[8]+alpha[2]*favg_r[4]+favg_r[2]*alpha[4]); 
  Ghat_r[10] = ((-0.7905694150420947*fr[79])+0.7905694150420947*fc[79]+0.6123724356957944*(fr[30]+fc[30])-0.3535533905932737*fr[14]+0.3535533905932737*fc[14])*amax+0.1118033988749895*(alpha[16]*favg_r[47]+alpha[15]*favg_r[46])+0.125*(alpha[20]*favg_r[45]+alpha[19]*favg_r[44])+0.1118033988749895*(alpha[9]*favg_r[43]+alpha[8]*favg_r[42]+alpha[7]*favg_r[40]+alpha[6]*favg_r[39])+0.125*(alpha[12]*favg_r[38]+alpha[11]*favg_r[37]+alpha[33]*favg_r[36]+favg_r[33]*alpha[36]+alpha[32]*favg_r[35]+favg_r[32]*alpha[35]+alpha[5]*favg_r[31])+0.1118033988749895*(alpha[4]*favg_r[30]+alpha[3]*favg_r[27])+0.125*(alpha[22]*favg_r[26]+favg_r[22]*alpha[26]+alpha[21]*favg_r[25]+favg_r[21]*alpha[25]+alpha[2]*favg_r[18]+alpha[1]*favg_r[17]+alpha[15]*favg_r[16]+favg_r[15]*alpha[16]+alpha[0]*favg_r[10]+alpha[7]*favg_r[9]+favg_r[7]*alpha[9]+alpha[6]*favg_r[8]+favg_r[6]*alpha[8]+alpha[3]*favg_r[4]+favg_r[3]*alpha[4]); 
  Ghat_r[11] = (0.6123724356957944*(fr[37]+fc[37])-0.3535533905932737*fr[16]+0.3535533905932737*fc[16])*amax+0.1118033988749895*alpha[36]*favg_r[36]+0.07985957062499249*alpha[35]*favg_r[35]+0.125*(alpha[9]*favg_r[35]+favg_r[9]*alpha[35])+0.1118033988749895*alpha[33]*favg_r[33]+0.07985957062499249*alpha[32]*favg_r[32]+0.125*(alpha[7]*favg_r[32]+favg_r[7]*alpha[32])+0.07985957062499249*alpha[25]*favg_r[25]+0.125*(alpha[4]*favg_r[25]+favg_r[4]*alpha[25])+0.07985957062499249*alpha[21]*favg_r[21]+0.125*(alpha[3]*favg_r[21]+favg_r[3]*alpha[21])+0.1118033988749895*alpha[20]*favg_r[20]+0.07985957062499249*alpha[19]*favg_r[19]+0.125*(alpha[2]*favg_r[19]+favg_r[2]*alpha[19])+0.1118033988749895*(alpha[16]*favg_r[16]+alpha[15]*favg_r[15])+0.07985957062499249*alpha[11]*favg_r[11]+0.125*(alpha[0]*favg_r[11]+favg_r[0]*alpha[11])+0.1118033988749895*(alpha[8]*favg_r[8]+alpha[6]*favg_r[6]+alpha[5]*favg_r[5]+alpha[1]*favg_r[1]); 
  Ghat_r[12] = (0.6123724356957944*(fr[38]+fc[38])-0.3535533905932737*fr[17]+0.3535533905932737*fc[17])*amax+0.07985957062499249*alpha[36]*favg_r[36]+0.125*(alpha[8]*favg_r[36]+favg_r[8]*alpha[36])+0.1118033988749895*alpha[35]*favg_r[35]+0.07985957062499249*alpha[33]*favg_r[33]+0.125*(alpha[6]*favg_r[33]+favg_r[6]*alpha[33])+0.1118033988749895*alpha[32]*favg_r[32]+0.07985957062499249*alpha[26]*favg_r[26]+0.125*(alpha[4]*favg_r[26]+favg_r[4]*alpha[26])+0.07985957062499249*alpha[22]*favg_r[22]+0.125*(alpha[3]*favg_r[22]+favg_r[3]*alpha[22])+0.07985957062499249*alpha[20]*favg_r[20]+0.125*(alpha[1]*favg_r[20]+favg_r[1]*alpha[20])+0.1118033988749895*(alpha[19]*favg_r[19]+alpha[16]*favg_r[16]+alpha[15]*favg_r[15])+0.07985957062499249*alpha[12]*favg_r[12]+0.125*(alpha[0]*favg_r[12]+favg_r[0]*alpha[12])+0.1118033988749895*(alpha[9]*favg_r[9]+alpha[7]*favg_r[7]+alpha[5]*favg_r[5]+alpha[2]*favg_r[2]); 
  Ghat_r[13] = (0.6123724356957944*(fr[39]+fc[39])-0.3535533905932737*fr[18]+0.3535533905932737*fc[18])*amax+0.125*(alpha[16]*favg_r[46]+alpha[9]*favg_r[40]+alpha[8]*favg_r[39]+alpha[5]*favg_r[34])+0.1118033988749895*(alpha[33]*favg_r[33]+alpha[32]*favg_r[32])+0.125*(alpha[4]*favg_r[27]+alpha[2]*favg_r[24]+alpha[1]*favg_r[23])+0.1118033988749895*(alpha[22]*favg_r[22]+alpha[21]*favg_r[21]+alpha[15]*favg_r[15])+0.125*alpha[0]*favg_r[13]+0.1118033988749895*(alpha[7]*favg_r[7]+alpha[6]*favg_r[6]+alpha[3]*favg_r[3]); 
  Ghat_r[14] = (0.6123724356957944*(fr[50]+fc[50])-0.3535533905932737*fr[20]+0.3535533905932737*fc[20])*amax+0.125*(alpha[15]*favg_r[47]+alpha[7]*favg_r[43]+alpha[6]*favg_r[42]+alpha[5]*favg_r[41])+0.1118033988749895*(alpha[36]*favg_r[36]+alpha[35]*favg_r[35])+0.125*(alpha[3]*favg_r[30]+alpha[2]*favg_r[29]+alpha[1]*favg_r[28])+0.1118033988749895*(alpha[26]*favg_r[26]+alpha[25]*favg_r[25]+alpha[16]*favg_r[16])+0.125*alpha[0]*favg_r[14]+0.1118033988749895*(alpha[9]*favg_r[9]+alpha[8]*favg_r[8]+alpha[4]*favg_r[4]); 
  Ghat_r[15] = ((-0.7905694150420947*fr[90])+0.7905694150420947*fc[90]+0.6123724356957944*(fr[51]+fc[51])-0.3535533905932737*fr[21]+0.3535533905932737*fc[21])*amax+(0.1*alpha[35]+0.1118033988749895*alpha[9])*favg_r[45]+0.1*alpha[36]*favg_r[44]+0.1118033988749895*(alpha[8]*favg_r[44]+alpha[16]*(favg_r[38]+favg_r[37])+favg_r[18]*alpha[36]+favg_r[17]*alpha[35])+(0.1*(alpha[22]+alpha[21])+0.1118033988749895*alpha[3])*favg_r[34]+(0.1*alpha[19]+0.1118033988749895*alpha[2])*favg_r[33]+(0.1*(favg_r[24]+favg_r[19])+0.1118033988749895*favg_r[2])*alpha[33]+(0.1*alpha[20]+0.1118033988749895*alpha[1])*favg_r[32]+(0.1*(favg_r[23]+favg_r[20])+0.1118033988749895*favg_r[1])*alpha[32]+(0.1118033988749895*(alpha[26]+alpha[25])+0.125*alpha[4])*favg_r[31]+0.1118033988749895*(alpha[6]*favg_r[24]+alpha[7]*favg_r[23]+alpha[5]*favg_r[22]+favg_r[5]*alpha[22]+alpha[5]*favg_r[21]+favg_r[5]*alpha[21]+alpha[7]*favg_r[20]+favg_r[7]*alpha[20]+alpha[6]*favg_r[19]+favg_r[6]*alpha[19])+0.125*(alpha[8]*favg_r[18]+alpha[9]*favg_r[17]+favg_r[10]*alpha[16])+(0.1118033988749895*(alpha[12]+alpha[11])+0.125*alpha[0])*favg_r[15]+0.1118033988749895*(favg_r[13]+favg_r[12]+favg_r[11])*alpha[15]+0.125*(favg_r[0]*alpha[15]+alpha[1]*favg_r[7]+favg_r[1]*alpha[7]+alpha[2]*favg_r[6]+favg_r[2]*alpha[6]+alpha[3]*favg_r[5]+favg_r[3]*alpha[5]); 
  Ghat_r[16] = ((-0.7905694150420947*fr[100])+0.7905694150420947*fc[100]+0.6123724356957944*(fr[53]+fc[53])-0.3535533905932737*fr[25]+0.3535533905932737*fc[25])*amax+(0.1*alpha[32]+0.1118033988749895*alpha[7])*favg_r[45]+(0.1*alpha[33]+0.1118033988749895*alpha[6])*favg_r[44]+0.1*(alpha[26]+alpha[25])*favg_r[41]+0.1118033988749895*(alpha[4]*favg_r[41]+alpha[15]*(favg_r[38]+favg_r[37]))+(0.1*alpha[19]+0.1118033988749895*alpha[2])*favg_r[36]+(0.1*(favg_r[29]+favg_r[19])+0.1118033988749895*favg_r[2])*alpha[36]+(0.1*alpha[20]+0.1118033988749895*alpha[1])*favg_r[35]+0.1*(favg_r[28]+favg_r[20])*alpha[35]+0.1118033988749895*(favg_r[1]*alpha[35]+favg_r[18]*alpha[33]+favg_r[17]*alpha[32])+(0.1118033988749895*(alpha[22]+alpha[21])+0.125*alpha[3])*favg_r[31]+0.1118033988749895*(alpha[8]*favg_r[29]+alpha[9]*favg_r[28]+alpha[5]*favg_r[26]+favg_r[5]*alpha[26]+alpha[5]*favg_r[25]+favg_r[5]*alpha[25]+alpha[9]*favg_r[20]+favg_r[9]*alpha[20]+alpha[8]*favg_r[19]+favg_r[8]*alpha[19])+0.125*(alpha[6]*favg_r[18]+alpha[7]*favg_r[17])+(0.1118033988749895*(alpha[12]+alpha[11])+0.125*alpha[0])*favg_r[16]+0.1118033988749895*(favg_r[14]+favg_r[12]+favg_r[11])*alpha[16]+0.125*(favg_r[0]*alpha[16]+favg_r[10]*alpha[15]+alpha[1]*favg_r[9]+favg_r[1]*alpha[9]+alpha[2]*favg_r[8]+favg_r[2]*alpha[8]+alpha[4]*favg_r[5]+favg_r[4]*alpha[5]); 
  Ghat_r[17] = ((-0.7905694150420947*fr[101])+0.7905694150420947*fc[101]+0.6123724356957944*(fr[54]+fc[54])-0.3535533905932737*fr[26]+0.3535533905932737*fc[26])*amax+(0.1*alpha[35]+0.1118033988749895*alpha[9])*favg_r[47]+(0.1*alpha[32]+0.1118033988749895*alpha[7])*favg_r[46]+0.125*alpha[12]*favg_r[45]+0.1118033988749895*(alpha[5]*favg_r[44]+alpha[16]*favg_r[43])+0.1*alpha[25]*favg_r[42]+0.1118033988749895*(alpha[4]*favg_r[42]+alpha[15]*favg_r[40])+(0.1*alpha[21]+0.1118033988749895*alpha[3])*favg_r[39]+0.125*alpha[20]*favg_r[38]+0.1118033988749895*alpha[1]*favg_r[37]+0.125*(alpha[22]*favg_r[36]+favg_r[22]*alpha[36])+0.1118033988749895*(alpha[15]*favg_r[35]+favg_r[15]*alpha[35])+0.125*(alpha[26]*favg_r[33]+favg_r[26]*alpha[33])+0.1118033988749895*(alpha[16]*favg_r[32]+favg_r[16]*alpha[32])+(0.1118033988749895*alpha[19]+0.125*alpha[2])*favg_r[31]+0.1118033988749895*(alpha[8]*favg_r[30]+alpha[6]*(favg_r[27]+favg_r[25])+favg_r[6]*alpha[25]+alpha[8]*favg_r[21]+favg_r[8]*alpha[21])+0.125*alpha[5]*favg_r[18]+0.1118033988749895*alpha[11]*favg_r[17]+0.125*(alpha[0]*favg_r[17]+alpha[7]*favg_r[16]+favg_r[7]*alpha[16]+alpha[9]*favg_r[15]+favg_r[9]*alpha[15]+alpha[1]*favg_r[10]+alpha[3]*favg_r[8]+favg_r[3]*alpha[8]+alpha[4]*favg_r[6]+favg_r[4]*alpha[6]); 
  Ghat_r[18] = ((-0.7905694150420947*fr[102])+0.7905694150420947*fc[102]+0.6123724356957944*(fr[55]+fc[55])-0.3535533905932737*fr[27]+0.3535533905932737*fc[27])*amax+(0.1*alpha[36]+0.1118033988749895*alpha[8])*favg_r[47]+0.1*alpha[33]*favg_r[46]+0.1118033988749895*(alpha[6]*favg_r[46]+alpha[5]*favg_r[45])+0.125*alpha[11]*favg_r[44]+0.1*alpha[26]*favg_r[43]+0.1118033988749895*(alpha[4]*favg_r[43]+alpha[16]*favg_r[42])+0.1*alpha[22]*favg_r[40]+0.1118033988749895*(alpha[3]*favg_r[40]+alpha[15]*favg_r[39]+alpha[2]*favg_r[38])+0.125*alpha[19]*favg_r[37]+0.1118033988749895*(alpha[15]*favg_r[36]+favg_r[15]*alpha[36])+0.125*(alpha[21]*favg_r[35]+favg_r[21]*alpha[35])+0.1118033988749895*(alpha[16]*favg_r[33]+favg_r[16]*alpha[33])+0.125*(alpha[25]*favg_r[32]+favg_r[25]*alpha[32])+(0.1118033988749895*alpha[20]+0.125*alpha[1])*favg_r[31]+0.1118033988749895*(alpha[9]*favg_r[30]+alpha[7]*(favg_r[27]+favg_r[26])+favg_r[7]*alpha[26]+alpha[9]*favg_r[22]+favg_r[9]*alpha[22]+alpha[12]*favg_r[18])+0.125*(alpha[0]*favg_r[18]+alpha[5]*favg_r[17]+alpha[6]*favg_r[16]+favg_r[6]*alpha[16]+alpha[8]*favg_r[15]+favg_r[8]*alpha[15]+alpha[2]*favg_r[10]+alpha[3]*favg_r[9]+favg_r[3]*alpha[9]+alpha[4]*favg_r[7]+favg_r[4]*alpha[7]); 
  Ghat_r[19] = (0.6123724356957944*(fr[59]+fc[59])-0.3535533905932737*fr[31]+0.3535533905932737*fc[31])*amax+0.1*(alpha[16]*favg_r[36]+favg_r[16]*alpha[36])+(0.1118033988749895*alpha[26]+0.07985957062499249*alpha[25]+0.125*alpha[4])*favg_r[35]+(0.1118033988749895*favg_r[26]+0.07985957062499249*favg_r[25]+0.125*favg_r[4])*alpha[35]+0.1*(alpha[15]*favg_r[33]+favg_r[15]*alpha[33])+(0.1118033988749895*alpha[22]+0.07985957062499249*alpha[21]+0.125*alpha[3])*favg_r[32]+(0.1118033988749895*favg_r[22]+0.07985957062499249*favg_r[21])*alpha[32]+0.125*(favg_r[3]*alpha[32]+alpha[9]*favg_r[25]+favg_r[9]*alpha[25]+alpha[7]*favg_r[21]+favg_r[7]*alpha[21])+0.1*(alpha[5]*favg_r[20]+favg_r[5]*alpha[20])+(0.1118033988749895*alpha[12]+0.07985957062499249*alpha[11]+0.125*alpha[0])*favg_r[19]+(0.1118033988749895*favg_r[12]+0.07985957062499249*favg_r[11]+0.125*favg_r[0])*alpha[19]+0.1118033988749895*(alpha[8]*favg_r[16]+favg_r[8]*alpha[16]+alpha[6]*favg_r[15]+favg_r[6]*alpha[15])+0.125*(alpha[2]*favg_r[11]+favg_r[2]*alpha[11])+0.1118033988749895*(alpha[1]*favg_r[5]+favg_r[1]*alpha[5]); 
  Ghat_r[20] = (0.6123724356957944*(fr[60]+fc[60])-0.3535533905932737*fr[32]+0.3535533905932737*fc[32])*amax+(0.07985957062499249*alpha[26]+0.1118033988749895*alpha[25]+0.125*alpha[4])*favg_r[36]+(0.07985957062499249*favg_r[26]+0.1118033988749895*favg_r[25]+0.125*favg_r[4])*alpha[36]+0.1*(alpha[16]*favg_r[35]+favg_r[16]*alpha[35])+(0.07985957062499249*alpha[22]+0.1118033988749895*alpha[21]+0.125*alpha[3])*favg_r[33]+(0.07985957062499249*favg_r[22]+0.1118033988749895*favg_r[21]+0.125*favg_r[3])*alpha[33]+0.1*(alpha[15]*favg_r[32]+favg_r[15]*alpha[32])+0.125*(alpha[8]*favg_r[26]+favg_r[8]*alpha[26]+alpha[6]*favg_r[22]+favg_r[6]*alpha[22])+(0.07985957062499249*alpha[12]+0.1118033988749895*alpha[11]+0.125*alpha[0])*favg_r[20]+(0.07985957062499249*favg_r[12]+0.1118033988749895*favg_r[11]+0.125*favg_r[0])*alpha[20]+0.1*(alpha[5]*favg_r[19]+favg_r[5]*alpha[19])+0.1118033988749895*(alpha[9]*favg_r[16]+favg_r[9]*alpha[16]+alpha[7]*favg_r[15]+favg_r[7]*alpha[15])+0.125*(alpha[1]*favg_r[12]+favg_r[1]*alpha[12])+0.1118033988749895*(alpha[2]*favg_r[5]+favg_r[2]*alpha[5]); 
  Ghat_r[21] = (0.6123724356957944*(fr[61]+fc[61])-0.3535533905932737*fr[33]+0.3535533905932737*fc[33])*amax+0.1118033988749895*alpha[36]*favg_r[45]+(0.07985957062499249*alpha[35]+0.125*alpha[9])*favg_r[44]+0.07985957062499249*alpha[25]*favg_r[37]+0.125*(alpha[4]*favg_r[37]+favg_r[18]*alpha[35])+0.1*alpha[15]*favg_r[34]+0.1118033988749895*(alpha[20]*favg_r[33]+favg_r[20]*alpha[33])+(0.07985957062499249*alpha[19]+0.125*alpha[2])*favg_r[32]+(0.1118033988749895*favg_r[24]+0.07985957062499249*favg_r[19]+0.125*favg_r[2])*alpha[32]+0.1118033988749895*alpha[16]*favg_r[31]+0.125*favg_r[10]*alpha[25]+0.1*alpha[6]*favg_r[23]+(0.07985957062499249*alpha[11]+0.125*alpha[0])*favg_r[21]+(0.1118033988749895*favg_r[13]+0.07985957062499249*favg_r[11])*alpha[21]+0.125*(favg_r[0]*alpha[21]+alpha[7]*favg_r[19]+favg_r[7]*alpha[19])+0.1118033988749895*(alpha[8]*favg_r[17]+alpha[5]*favg_r[15]+favg_r[5]*alpha[15])+0.125*(alpha[3]*favg_r[11]+favg_r[3]*alpha[11])+0.1118033988749895*(alpha[1]*favg_r[6]+favg_r[1]*alpha[6]); 
  Ghat_r[22] = (0.6123724356957944*(fr[62]+fc[62])-0.3535533905932737*fr[34]+0.3535533905932737*fc[34])*amax+(0.07985957062499249*alpha[36]+0.125*alpha[8])*favg_r[45]+0.1118033988749895*alpha[35]*favg_r[44]+0.07985957062499249*alpha[26]*favg_r[38]+0.125*(alpha[4]*favg_r[38]+favg_r[17]*alpha[36])+0.1*alpha[15]*favg_r[34]+(0.07985957062499249*alpha[20]+0.125*alpha[1])*favg_r[33]+(0.1118033988749895*favg_r[23]+0.07985957062499249*favg_r[20]+0.125*favg_r[1])*alpha[33]+0.1118033988749895*(alpha[19]*favg_r[32]+favg_r[19]*alpha[32]+alpha[16]*favg_r[31])+0.125*favg_r[10]*alpha[26]+0.1*alpha[7]*favg_r[24]+(0.07985957062499249*alpha[12]+0.125*alpha[0])*favg_r[22]+(0.1118033988749895*favg_r[13]+0.07985957062499249*favg_r[12])*alpha[22]+0.125*(favg_r[0]*alpha[22]+alpha[6]*favg_r[20]+favg_r[6]*alpha[20])+0.1118033988749895*(alpha[9]*favg_r[18]+alpha[5]*favg_r[15]+favg_r[5]*alpha[15])+0.125*(alpha[3]*favg_r[12]+favg_r[3]*alpha[12])+0.1118033988749895*(alpha[2]*favg_r[7]+favg_r[2]*alpha[7]); 
  Ghat_r[23] = (0.6123724356957944*(fr[63]+fc[63])-0.3535533905932737*fr[35]+0.3535533905932737*fc[35])*amax+0.1118033988749895*alpha[35]*favg_r[46]+0.125*(alpha[9]*favg_r[46]+alpha[16]*favg_r[40])+(0.1118033988749895*alpha[25]+0.125*alpha[4])*favg_r[39]+(0.1118033988749895*alpha[19]+0.125*alpha[2])*favg_r[34]+0.1118033988749895*(alpha[22]*favg_r[33]+favg_r[22]*alpha[33])+0.1*(alpha[15]*favg_r[32]+favg_r[15]*alpha[32])+0.125*(alpha[8]*favg_r[27]+alpha[5]*favg_r[24])+(0.1118033988749895*alpha[11]+0.125*alpha[0])*favg_r[23]+0.1*(alpha[6]*favg_r[21]+favg_r[6]*alpha[21])+0.1118033988749895*(alpha[7]*favg_r[15]+favg_r[7]*alpha[15])+0.125*alpha[1]*favg_r[13]+0.1118033988749895*(alpha[3]*favg_r[6]+favg_r[3]*alpha[6]); 
  Ghat_r[24] = (0.6123724356957944*(fr[64]+fc[64])-0.3535533905932737*fr[36]+0.3535533905932737*fc[36])*amax+(0.1118033988749895*alpha[36]+0.125*alpha[8])*favg_r[46]+0.1118033988749895*alpha[26]*favg_r[40]+0.125*(alpha[4]*favg_r[40]+alpha[16]*favg_r[39])+(0.1118033988749895*alpha[20]+0.125*alpha[1])*favg_r[34]+0.1*(alpha[15]*favg_r[33]+favg_r[15]*alpha[33])+0.1118033988749895*(alpha[21]*favg_r[32]+favg_r[21]*alpha[32])+0.125*alpha[9]*favg_r[27]+0.1118033988749895*alpha[12]*favg_r[24]+0.125*(alpha[0]*favg_r[24]+alpha[5]*favg_r[23])+0.1*(alpha[7]*favg_r[22]+favg_r[7]*alpha[22])+0.1118033988749895*(alpha[6]*favg_r[15]+favg_r[6]*alpha[15])+0.125*alpha[2]*favg_r[13]+0.1118033988749895*(alpha[3]*favg_r[7]+favg_r[3]*alpha[7]); 
  Ghat_r[25] = (0.6123724356957944*(fr[74]+fc[74])-0.3535533905932737*fr[43]+0.3535533905932737*fc[43])*amax+0.1118033988749895*alpha[33]*favg_r[45]+(0.07985957062499249*alpha[32]+0.125*alpha[7])*favg_r[44]+0.1*alpha[16]*favg_r[41]+(0.07985957062499249*alpha[21]+0.125*alpha[3])*favg_r[37]+0.1118033988749895*(alpha[20]*favg_r[36]+favg_r[20]*alpha[36])+(0.07985957062499249*alpha[19]+0.125*alpha[2])*favg_r[35]+(0.1118033988749895*favg_r[29]+0.07985957062499249*favg_r[19])*alpha[35]+0.125*(favg_r[2]*alpha[35]+favg_r[18]*alpha[32])+0.1118033988749895*alpha[15]*favg_r[31]+0.1*alpha[8]*favg_r[28]+(0.07985957062499249*alpha[11]+0.125*alpha[0])*favg_r[25]+(0.1118033988749895*favg_r[14]+0.07985957062499249*favg_r[11])*alpha[25]+0.125*(favg_r[0]*alpha[25]+favg_r[10]*alpha[21]+alpha[9]*favg_r[19]+favg_r[9]*alpha[19])+0.1118033988749895*(alpha[6]*favg_r[17]+alpha[5]*favg_r[16]+favg_r[5]*alpha[16])+0.125*(alpha[4]*favg_r[11]+favg_r[4]*alpha[11])+0.1118033988749895*(alpha[1]*favg_r[8]+favg_r[1]*alpha[8]); 
  Ghat_r[26] = (0.6123724356957944*(fr[75]+fc[75])-0.3535533905932737*fr[44]+0.3535533905932737*fc[44])*amax+(0.07985957062499249*alpha[33]+0.125*alpha[6])*favg_r[45]+0.1118033988749895*alpha[32]*favg_r[44]+0.1*alpha[16]*favg_r[41]+(0.07985957062499249*alpha[22]+0.125*alpha[3])*favg_r[38]+(0.07985957062499249*alpha[20]+0.125*alpha[1])*favg_r[36]+(0.1118033988749895*favg_r[28]+0.07985957062499249*favg_r[20]+0.125*favg_r[1])*alpha[36]+0.1118033988749895*(alpha[19]*favg_r[35]+favg_r[19]*alpha[35])+0.125*favg_r[17]*alpha[33]+0.1118033988749895*alpha[15]*favg_r[31]+0.1*alpha[9]*favg_r[29]+(0.07985957062499249*alpha[12]+0.125*alpha[0])*favg_r[26]+(0.1118033988749895*favg_r[14]+0.07985957062499249*favg_r[12])*alpha[26]+0.125*(favg_r[0]*alpha[26]+favg_r[10]*alpha[22]+alpha[8]*favg_r[20]+favg_r[8]*alpha[20])+0.1118033988749895*(alpha[7]*favg_r[18]+alpha[5]*favg_r[16]+favg_r[5]*alpha[16])+0.125*(alpha[4]*favg_r[12]+favg_r[4]*alpha[12])+0.1118033988749895*(alpha[2]*favg_r[9]+favg_r[2]*alpha[9]); 
  Ghat_r[27] = (0.6123724356957944*(fr[76]+fc[76])-0.3535533905932737*fr[45]+0.3535533905932737*fc[45])*amax+0.125*alpha[5]*favg_r[46]+0.1118033988749895*(alpha[33]*favg_r[45]+alpha[32]*favg_r[44])+0.125*(alpha[2]*favg_r[40]+alpha[1]*favg_r[39])+0.1118033988749895*(alpha[22]*favg_r[38]+alpha[21]*favg_r[37])+0.125*alpha[16]*favg_r[34]+0.1118033988749895*alpha[15]*favg_r[31]+0.125*(alpha[0]*favg_r[27]+alpha[9]*favg_r[24]+alpha[8]*favg_r[23])+0.1118033988749895*(alpha[7]*favg_r[18]+alpha[6]*favg_r[17])+0.125*alpha[4]*favg_r[13]+0.1118033988749895*alpha[3]*favg_r[10]; 
