#include <gkyl_vlasov_kernels.h> 
GKYL_CU_DH double vlasov_surfvz_1x3v_ser_p2(const double *w, const double *dxv, const double amax, const double *qmem, const double *fl, const double *fc, const double *fr, double* restrict out) 
{ 
  // w:         Cell-center coordinates.
  // dxv[NDIM]: Cell spacing.
  // amax:      amax in global lax flux.
  // qmem:      q/m*EM fields.
  // fl/fc/fr:  Input Distribution function in left/center/right cells 
  // out:       Output distribution function in center cell 
  // returns abs(amid) for use in determining amax in cfl and global lax flux 
  const double dv12 = 2/dxv[3]; 
  const double dv1 = dxv[1], wv1 = w[1]; 
  const double dv2 = dxv[2], wv2 = w[2]; 
  const double dv3 = dxv[3], wv3 = w[3]; 
  const double *E2 = &qmem[6]; 
  const double *B0 = &qmem[9]; 
  const double *B1 = &qmem[12]; 
  const double *B2 = &qmem[15]; 

  double Ghat_r[20]; 
  double favg_r[20]; 
  double Ghat_l[20]; 
  double favg_l[20]; 
  double alpha[20]; 

  favg_r[0] = 1.58113883008419*(fr[14]+fc[14])-1.224744871391589*fr[4]+1.224744871391589*fc[4]+0.7071067811865475*(fr[0]+fc[0]); 
  favg_r[1] = 1.58113883008419*(fr[28]+fc[28])-1.224744871391589*fr[8]+1.224744871391589*fc[8]+0.7071067811865475*(fr[1]+fc[1]); 
  favg_r[2] = 1.58113883008419*(fr[29]+fc[29])-1.224744871391589*fr[9]+1.224744871391589*fc[9]+0.7071067811865475*(fr[2]+fc[2]); 
  favg_r[3] = 1.58113883008419*(fr[30]+fc[30])-1.224744871391589*fr[10]+1.224744871391589*fc[10]+0.7071067811865475*(fr[3]+fc[3]); 
  favg_r[4] = 1.58113883008419*(fr[41]+fc[41])-1.224744871391589*fr[16]+1.224744871391589*fc[16]+0.7071067811865475*(fr[5]+fc[5]); 
  favg_r[5] = 1.58113883008419*(fr[42]+fc[42])-1.224744871391589*fr[17]+1.224744871391589*fc[17]+0.7071067811865475*(fr[6]+fc[6]); 
  favg_r[6] = 1.58113883008419*(fr[43]+fc[43])-1.224744871391589*fr[18]+1.224744871391589*fc[18]+0.7071067811865475*(fr[7]+fc[7]); 
  favg_r[7] = (-1.224744871391589*fr[25])+1.224744871391589*fc[25]+0.7071067811865475*(fr[11]+fc[11]); 
  favg_r[8] = (-1.224744871391589*fr[26])+1.224744871391589*fc[26]+0.7071067811865475*(fr[12]+fc[12]); 
  favg_r[9] = (-1.224744871391589*fr[27])+1.224744871391589*fc[27]+0.7071067811865475*(fr[13]+fc[13]); 
  favg_r[10] = 1.58113883008419*(fr[47]+fc[47])-1.224744871391589*fr[31]+1.224744871391589*fc[31]+0.7071067811865475*(fr[15]+fc[15]); 
  favg_r[11] = (-1.224744871391589*fr[35])+1.224744871391589*fc[35]+0.7071067811865475*(fr[19]+fc[19]); 
  favg_r[12] = (-1.224744871391589*fr[36])+1.224744871391589*fc[36]+0.7071067811865475*(fr[20]+fc[20]); 
  favg_r[13] = (-1.224744871391589*fr[37])+1.224744871391589*fc[37]+0.7071067811865475*(fr[21]+fc[21]); 
  favg_r[14] = (-1.224744871391589*fr[38])+1.224744871391589*fc[38]+0.7071067811865475*(fr[22]+fc[22]); 
  favg_r[15] = (-1.224744871391589*fr[39])+1.224744871391589*fc[39]+0.7071067811865475*(fr[23]+fc[23]); 
  favg_r[16] = (-1.224744871391589*fr[40])+1.224744871391589*fc[40]+0.7071067811865475*(fr[24]+fc[24]); 
  favg_r[17] = (-1.224744871391589*fr[44])+1.224744871391589*fc[44]+0.7071067811865475*(fr[32]+fc[32]); 
  favg_r[18] = (-1.224744871391589*fr[45])+1.224744871391589*fc[45]+0.7071067811865475*(fr[33]+fc[33]); 
  favg_r[19] = (-1.224744871391589*fr[46])+1.224744871391589*fc[46]+0.7071067811865475*(fr[34]+fc[34]); 

  favg_l[0] = 1.58113883008419*(fl[14]+fc[14])+1.224744871391589*fl[4]-1.224744871391589*fc[4]+0.7071067811865475*(fl[0]+fc[0]); 
  favg_l[1] = 1.58113883008419*(fl[28]+fc[28])+1.224744871391589*fl[8]-1.224744871391589*fc[8]+0.7071067811865475*(fl[1]+fc[1]); 
  favg_l[2] = 1.58113883008419*(fl[29]+fc[29])+1.224744871391589*fl[9]-1.224744871391589*fc[9]+0.7071067811865475*(fl[2]+fc[2]); 
  favg_l[3] = 1.58113883008419*(fl[30]+fc[30])+1.224744871391589*fl[10]-1.224744871391589*fc[10]+0.7071067811865475*(fl[3]+fc[3]); 
  favg_l[4] = 1.58113883008419*(fl[41]+fc[41])+1.224744871391589*fl[16]-1.224744871391589*fc[16]+0.7071067811865475*(fl[5]+fc[5]); 
  favg_l[5] = 1.58113883008419*(fl[42]+fc[42])+1.224744871391589*fl[17]-1.224744871391589*fc[17]+0.7071067811865475*(fl[6]+fc[6]); 
  favg_l[6] = 1.58113883008419*(fl[43]+fc[43])+1.224744871391589*fl[18]-1.224744871391589*fc[18]+0.7071067811865475*(fl[7]+fc[7]); 
  favg_l[7] = 1.224744871391589*fl[25]-1.224744871391589*fc[25]+0.7071067811865475*(fl[11]+fc[11]); 
  favg_l[8] = 1.224744871391589*fl[26]-1.224744871391589*fc[26]+0.7071067811865475*(fl[12]+fc[12]); 
  favg_l[9] = 1.224744871391589*fl[27]-1.224744871391589*fc[27]+0.7071067811865475*(fl[13]+fc[13]); 
  favg_l[10] = 1.58113883008419*(fl[47]+fc[47])+1.224744871391589*fl[31]-1.224744871391589*fc[31]+0.7071067811865475*(fl[15]+fc[15]); 
  favg_l[11] = 1.224744871391589*fl[35]-1.224744871391589*fc[35]+0.7071067811865475*(fl[19]+fc[19]); 
  favg_l[12] = 1.224744871391589*fl[36]-1.224744871391589*fc[36]+0.7071067811865475*(fl[20]+fc[20]); 
  favg_l[13] = 1.224744871391589*fl[37]-1.224744871391589*fc[37]+0.7071067811865475*(fl[21]+fc[21]); 
  favg_l[14] = 1.224744871391589*fl[38]-1.224744871391589*fc[38]+0.7071067811865475*(fl[22]+fc[22]); 
  favg_l[15] = 1.224744871391589*fl[39]-1.224744871391589*fc[39]+0.7071067811865475*(fl[23]+fc[23]); 
  favg_l[16] = 1.224744871391589*fl[40]-1.224744871391589*fc[40]+0.7071067811865475*(fl[24]+fc[24]); 
  favg_l[17] = 1.224744871391589*fl[44]-1.224744871391589*fc[44]+0.7071067811865475*(fl[32]+fc[32]); 
  favg_l[18] = 1.224744871391589*fl[45]-1.224744871391589*fc[45]+0.7071067811865475*(fl[33]+fc[33]); 
  favg_l[19] = 1.224744871391589*fl[46]-1.224744871391589*fc[46]+0.7071067811865475*(fl[34]+fc[34]); 

  alpha[0] = 2.0*(B1[0]*wv1+E2[0])-2.0*B0[0]*wv2; 
  alpha[1] = 2.0*(B1[1]*wv1+E2[1])-2.0*B0[1]*wv2; 
  alpha[2] = 0.5773502691896258*B1[0]*dv1; 
  alpha[3] = -0.5773502691896258*B0[0]*dv2; 
  alpha[4] = 0.5773502691896258*B1[1]*dv1; 
  alpha[5] = -0.5773502691896258*B0[1]*dv2; 
  alpha[7] = 2.0*(B1[2]*wv1+E2[2])-2.0*B0[2]*wv2; 
  alpha[11] = 0.5773502691896258*B1[2]*dv1; 
  alpha[13] = -0.5773502691896258*B0[2]*dv2; 

  double amid = 0.3535533905932737*alpha[0]-0.3952847075210473*alpha[7]; 

  Ghat_r[0] = ((-0.7905694150420947*fr[14])+0.7905694150420947*fc[14]+0.6123724356957944*(fr[4]+fc[4])-0.3535533905932737*fr[0]+0.3535533905932737*fc[0])*amax+0.1767766952966368*(alpha[13]*favg_r[13]+alpha[11]*favg_r[11]+alpha[7]*favg_r[7]+alpha[5]*favg_r[5]+alpha[4]*favg_r[4]+alpha[3]*favg_r[3]+alpha[2]*favg_r[2]+alpha[1]*favg_r[1]+alpha[0]*favg_r[0]); 
  Ghat_r[1] = ((-0.7905694150420947*fr[28])+0.7905694150420947*fc[28]+0.6123724356957944*(fr[8]+fc[8])-0.3535533905932737*fr[1]+0.3535533905932737*fc[1])*amax+0.1581138830084189*(alpha[5]*favg_r[13]+favg_r[5]*alpha[13]+alpha[4]*favg_r[11]+favg_r[4]*alpha[11]+alpha[1]*favg_r[7]+favg_r[1]*alpha[7])+0.1767766952966368*(alpha[3]*favg_r[5]+favg_r[3]*alpha[5]+alpha[2]*favg_r[4]+favg_r[2]*alpha[4]+alpha[0]*favg_r[1]+favg_r[0]*alpha[1]); 
  Ghat_r[2] = ((-0.7905694150420947*fr[29])+0.7905694150420947*fc[29]+0.6123724356957944*(fr[9]+fc[9])-0.3535533905932737*fr[2]+0.3535533905932737*fc[2])*amax+0.1767766952966368*alpha[13]*favg_r[17]+0.1581138830084189*alpha[4]*favg_r[12]+0.1767766952966368*(alpha[7]*favg_r[11]+favg_r[7]*alpha[11]+alpha[5]*favg_r[10])+0.1581138830084189*alpha[2]*favg_r[8]+0.1767766952966368*(alpha[3]*favg_r[6]+alpha[1]*favg_r[4]+favg_r[1]*alpha[4]+alpha[0]*favg_r[2]+favg_r[0]*alpha[2]); 
  Ghat_r[3] = ((-0.7905694150420947*fr[30])+0.7905694150420947*fc[30]+0.6123724356957944*(fr[10]+fc[10])-0.3535533905932737*fr[3]+0.3535533905932737*fc[3])*amax+0.1767766952966368*alpha[11]*favg_r[17]+0.1581138830084189*alpha[5]*favg_r[15]+0.1767766952966368*(alpha[7]*favg_r[13]+favg_r[7]*alpha[13]+alpha[4]*favg_r[10])+0.1581138830084189*alpha[3]*favg_r[9]+0.1767766952966368*(alpha[2]*favg_r[6]+alpha[1]*favg_r[5]+favg_r[1]*alpha[5]+alpha[0]*favg_r[3]+favg_r[0]*alpha[3]); 
  Ghat_r[4] = ((-0.7905694150420947*fr[41])+0.7905694150420947*fc[41]+0.6123724356957944*(fr[16]+fc[16])-0.3535533905932737*fr[5]+0.3535533905932737*fc[5])*amax+0.1581138830084189*(alpha[5]*favg_r[17]+favg_r[10]*alpha[13])+0.1414213562373095*alpha[11]*favg_r[12]+0.1581138830084189*(alpha[2]*favg_r[12]+alpha[1]*favg_r[11]+favg_r[1]*alpha[11])+0.1767766952966368*alpha[3]*favg_r[10]+0.1581138830084189*(alpha[4]*(favg_r[8]+favg_r[7])+favg_r[4]*alpha[7])+0.1767766952966368*(alpha[5]*favg_r[6]+alpha[0]*favg_r[4]+favg_r[0]*alpha[4]+alpha[1]*favg_r[2]+favg_r[1]*alpha[2]); 
  Ghat_r[5] = ((-0.7905694150420947*fr[42])+0.7905694150420947*fc[42]+0.6123724356957944*(fr[17]+fc[17])-0.3535533905932737*fr[6]+0.3535533905932737*fc[6])*amax+0.1581138830084189*alpha[4]*favg_r[17]+0.1414213562373095*alpha[13]*favg_r[15]+0.1581138830084189*(alpha[3]*favg_r[15]+alpha[1]*favg_r[13]+favg_r[1]*alpha[13])+favg_r[10]*(0.1581138830084189*alpha[11]+0.1767766952966368*alpha[2])+0.1581138830084189*(alpha[5]*(favg_r[9]+favg_r[7])+favg_r[5]*alpha[7])+0.1767766952966368*(alpha[4]*favg_r[6]+alpha[0]*favg_r[5]+favg_r[0]*alpha[5]+alpha[1]*favg_r[3]+favg_r[1]*alpha[3]); 
  Ghat_r[6] = ((-0.7905694150420947*fr[43])+0.7905694150420947*fc[43]+0.6123724356957944*(fr[18]+fc[18])-0.3535533905932737*fr[7]+0.3535533905932737*fc[7])*amax+0.1581138830084189*(alpha[5]*favg_r[19]+alpha[4]*favg_r[18])+0.1767766952966368*alpha[7]*favg_r[17]+0.1581138830084189*(alpha[3]*favg_r[16]+alpha[2]*favg_r[14])+0.1767766952966368*(alpha[11]*favg_r[13]+favg_r[11]*alpha[13]+alpha[1]*favg_r[10]+alpha[0]*favg_r[6]+alpha[4]*favg_r[5]+favg_r[4]*alpha[5]+alpha[2]*favg_r[3]+favg_r[2]*alpha[3]); 
  Ghat_r[7] = (0.6123724356957944*(fr[25]+fc[25])-0.3535533905932737*fr[11]+0.3535533905932737*fc[11])*amax+0.1129384878631564*alpha[13]*favg_r[13]+0.1767766952966368*(alpha[3]*favg_r[13]+favg_r[3]*alpha[13])+0.1129384878631564*alpha[11]*favg_r[11]+0.1767766952966368*(alpha[2]*favg_r[11]+favg_r[2]*alpha[11])+0.1129384878631564*alpha[7]*favg_r[7]+0.1767766952966368*(alpha[0]*favg_r[7]+favg_r[0]*alpha[7])+0.1581138830084189*(alpha[5]*favg_r[5]+alpha[4]*favg_r[4]+alpha[1]*favg_r[1]); 
  Ghat_r[8] = (0.6123724356957944*(fr[26]+fc[26])-0.3535533905932737*fr[12]+0.3535533905932737*fc[12])*amax+0.1767766952966368*(alpha[5]*favg_r[18]+alpha[3]*favg_r[14]+alpha[1]*favg_r[12])+0.1581138830084189*alpha[11]*favg_r[11]+0.1767766952966368*alpha[0]*favg_r[8]+0.1581138830084189*(alpha[4]*favg_r[4]+alpha[2]*favg_r[2]); 
  Ghat_r[9] = (0.6123724356957944*(fr[27]+fc[27])-0.3535533905932737*fr[13]+0.3535533905932737*fc[13])*amax+0.1767766952966368*(alpha[4]*favg_r[19]+alpha[2]*favg_r[16]+alpha[1]*favg_r[15])+0.1581138830084189*alpha[13]*favg_r[13]+0.1767766952966368*alpha[0]*favg_r[9]+0.1581138830084189*(alpha[5]*favg_r[5]+alpha[3]*favg_r[3]); 
  Ghat_r[10] = ((-0.7905694150420947*fr[47])+0.7905694150420947*fc[47]+0.6123724356957944*(fr[31]+fc[31])-0.3535533905932737*fr[15]+0.3535533905932737*fc[15])*amax+(0.1414213562373095*alpha[13]+0.1581138830084189*alpha[3])*favg_r[19]+0.1414213562373095*alpha[11]*favg_r[18]+0.1581138830084189*(alpha[2]*favg_r[18]+alpha[1]*favg_r[17]+alpha[5]*favg_r[16]+alpha[4]*(favg_r[14]+favg_r[13])+favg_r[4]*alpha[13]+alpha[5]*favg_r[11]+favg_r[5]*alpha[11]+alpha[7]*favg_r[10])+0.1767766952966368*(alpha[0]*favg_r[10]+alpha[1]*favg_r[6]+alpha[2]*favg_r[5]+favg_r[2]*alpha[5]+alpha[3]*favg_r[4]+favg_r[3]*alpha[4]); 
  Ghat_r[11] = (0.6123724356957944*(fr[35]+fc[35])-0.3535533905932737*fr[19]+0.3535533905932737*fc[19])*amax+0.1129384878631564*alpha[13]*favg_r[17]+0.1767766952966368*(alpha[3]*favg_r[17]+favg_r[6]*alpha[13])+0.1414213562373095*alpha[4]*favg_r[12]+(0.1129384878631564*alpha[7]+0.1767766952966368*alpha[0])*favg_r[11]+(0.1581138830084189*favg_r[8]+0.1129384878631564*favg_r[7]+0.1767766952966368*favg_r[0])*alpha[11]+0.1581138830084189*alpha[5]*favg_r[10]+0.1767766952966368*(alpha[2]*favg_r[7]+favg_r[2]*alpha[7])+0.1581138830084189*(alpha[1]*favg_r[4]+favg_r[1]*alpha[4]); 
  Ghat_r[12] = (0.6123724356957944*(fr[36]+fc[36])-0.3535533905932737*fr[20]+0.3535533905932737*fc[20])*amax+0.1581138830084189*alpha[13]*favg_r[18]+0.1767766952966368*(alpha[3]*favg_r[18]+alpha[5]*favg_r[14])+(0.1581138830084189*alpha[7]+0.1767766952966368*alpha[0])*favg_r[12]+0.1414213562373095*(alpha[4]*favg_r[11]+favg_r[4]*alpha[11])+0.1767766952966368*alpha[1]*favg_r[8]+0.1581138830084189*(alpha[2]*favg_r[4]+favg_r[2]*alpha[4]); 
  Ghat_r[13] = (0.6123724356957944*(fr[37]+fc[37])-0.3535533905932737*fr[21]+0.3535533905932737*fc[21])*amax+(0.1129384878631564*alpha[11]+0.1767766952966368*alpha[2])*favg_r[17]+0.1414213562373095*alpha[5]*favg_r[15]+(0.1129384878631564*alpha[7]+0.1767766952966368*alpha[0])*favg_r[13]+(0.1581138830084189*favg_r[9]+0.1129384878631564*favg_r[7])*alpha[13]+0.1767766952966368*(favg_r[0]*alpha[13]+favg_r[6]*alpha[11])+0.1581138830084189*alpha[4]*favg_r[10]+0.1767766952966368*(alpha[3]*favg_r[7]+favg_r[3]*alpha[7])+0.1581138830084189*(alpha[1]*favg_r[5]+favg_r[1]*alpha[5]); 
  Ghat_r[14] = (0.6123724356957944*(fr[38]+fc[38])-0.3535533905932737*fr[22]+0.3535533905932737*fc[22])*amax+0.1767766952966368*alpha[1]*favg_r[18]+0.1581138830084189*alpha[11]*favg_r[17]+0.1767766952966368*(alpha[0]*favg_r[14]+alpha[5]*favg_r[12])+0.1581138830084189*alpha[4]*favg_r[10]+0.1767766952966368*alpha[3]*favg_r[8]+0.1581138830084189*alpha[2]*favg_r[6]; 
  Ghat_r[15] = (0.6123724356957944*(fr[39]+fc[39])-0.3535533905932737*fr[23]+0.3535533905932737*fc[23])*amax+0.1581138830084189*alpha[11]*favg_r[19]+0.1767766952966368*(alpha[2]*favg_r[19]+alpha[4]*favg_r[16])+(0.1581138830084189*alpha[7]+0.1767766952966368*alpha[0])*favg_r[15]+0.1414213562373095*(alpha[5]*favg_r[13]+favg_r[5]*alpha[13])+0.1767766952966368*alpha[1]*favg_r[9]+0.1581138830084189*(alpha[3]*favg_r[5]+favg_r[3]*alpha[5]); 
  Ghat_r[16] = (0.6123724356957944*(fr[40]+fc[40])-0.3535533905932737*fr[24]+0.3535533905932737*fc[24])*amax+0.1767766952966368*alpha[1]*favg_r[19]+0.1581138830084189*alpha[13]*favg_r[17]+0.1767766952966368*(alpha[0]*favg_r[16]+alpha[4]*favg_r[15])+0.1581138830084189*alpha[5]*favg_r[10]+0.1767766952966368*alpha[2]*favg_r[9]+0.1581138830084189*alpha[3]*favg_r[6]; 
  Ghat_r[17] = (0.6123724356957944*(fr[44]+fc[44])-0.3535533905932737*fr[32]+0.3535533905932737*fc[32])*amax+0.1414213562373095*(alpha[5]*favg_r[19]+alpha[4]*favg_r[18])+(0.1129384878631564*alpha[7]+0.1767766952966368*alpha[0])*favg_r[17]+0.1581138830084189*(alpha[13]*favg_r[16]+alpha[11]*favg_r[14])+(0.1129384878631564*alpha[11]+0.1767766952966368*alpha[2])*favg_r[13]+0.1129384878631564*favg_r[11]*alpha[13]+0.1767766952966368*(favg_r[2]*alpha[13]+alpha[3]*favg_r[11]+favg_r[3]*alpha[11])+0.1581138830084189*alpha[1]*favg_r[10]+0.1767766952966368*favg_r[6]*alpha[7]+0.1581138830084189*(alpha[4]*favg_r[5]+favg_r[4]*alpha[5]); 
  Ghat_r[18] = (0.6123724356957944*(fr[45]+fc[45])-0.3535533905932737*fr[33]+0.3535533905932737*fc[33])*amax+(0.1581138830084189*alpha[7]+0.1767766952966368*alpha[0])*favg_r[18]+0.1414213562373095*alpha[4]*favg_r[17]+0.1767766952966368*alpha[1]*favg_r[14]+favg_r[12]*(0.1581138830084189*alpha[13]+0.1767766952966368*alpha[3])+favg_r[10]*(0.1414213562373095*alpha[11]+0.1581138830084189*alpha[2])+0.1767766952966368*alpha[5]*favg_r[8]+0.1581138830084189*alpha[4]*favg_r[6]; 
  Ghat_r[19] = (0.6123724356957944*(fr[46]+fc[46])-0.3535533905932737*fr[34]+0.3535533905932737*fc[34])*amax+(0.1581138830084189*alpha[7]+0.1767766952966368*alpha[0])*favg_r[19]+0.1414213562373095*alpha[5]*favg_r[17]+0.1767766952966368*alpha[1]*favg_r[16]+(0.1581138830084189*alpha[11]+0.1767766952966368*alpha[2])*favg_r[15]+favg_r[10]*(0.1414213562373095*alpha[13]+0.1581138830084189*alpha[3])+0.1767766952966368*alpha[4]*favg_r[9]+0.1581138830084189*alpha[5]*favg_r[6]; 

  Ghat_l[0] = (0.7905694150420947*fl[14]-0.7905694150420947*fc[14]+0.6123724356957944*(fl[4]+fc[4])+0.3535533905932737*fl[0]-0.3535533905932737*fc[0])*amax+0.1767766952966368*(alpha[13]*favg_l[13]+alpha[11]*favg_l[11]+alpha[7]*favg_l[7]+alpha[5]*favg_l[5]+alpha[4]*favg_l[4]+alpha[3]*favg_l[3]+alpha[2]*favg_l[2]+alpha[1]*favg_l[1]+alpha[0]*favg_l[0]); 
  Ghat_l[1] = (0.7905694150420947*fl[28]-0.7905694150420947*fc[28]+0.6123724356957944*(fl[8]+fc[8])+0.3535533905932737*fl[1]-0.3535533905932737*fc[1])*amax+0.1581138830084189*(alpha[5]*favg_l[13]+favg_l[5]*alpha[13]+alpha[4]*favg_l[11]+favg_l[4]*alpha[11]+alpha[1]*favg_l[7]+favg_l[1]*alpha[7])+0.1767766952966368*(alpha[3]*favg_l[5]+favg_l[3]*alpha[5]+alpha[2]*favg_l[4]+favg_l[2]*alpha[4]+alpha[0]*favg_l[1]+favg_l[0]*alpha[1]); 
  Ghat_l[2] = (0.7905694150420947*fl[29]-0.7905694150420947*fc[29]+0.6123724356957944*(fl[9]+fc[9])+0.3535533905932737*fl[2]-0.3535533905932737*fc[2])*amax+0.1767766952966368*alpha[13]*favg_l[17]+0.1581138830084189*alpha[4]*favg_l[12]+0.1767766952966368*(alpha[7]*favg_l[11]+favg_l[7]*alpha[11]+alpha[5]*favg_l[10])+0.1581138830084189*alpha[2]*favg_l[8]+0.1767766952966368*(alpha[3]*favg_l[6]+alpha[1]*favg_l[4]+favg_l[1]*alpha[4]+alpha[0]*favg_l[2]+favg_l[0]*alpha[2]); 
  Ghat_l[3] = (0.7905694150420947*fl[30]-0.7905694150420947*fc[30]+0.6123724356957944*(fl[10]+fc[10])+0.3535533905932737*fl[3]-0.3535533905932737*fc[3])*amax+0.1767766952966368*alpha[11]*favg_l[17]+0.1581138830084189*alpha[5]*favg_l[15]+0.1767766952966368*(alpha[7]*favg_l[13]+favg_l[7]*alpha[13]+alpha[4]*favg_l[10])+0.1581138830084189*alpha[3]*favg_l[9]+0.1767766952966368*(alpha[2]*favg_l[6]+alpha[1]*favg_l[5]+favg_l[1]*alpha[5]+alpha[0]*favg_l[3]+favg_l[0]*alpha[3]); 
  Ghat_l[4] = (0.7905694150420947*fl[41]-0.7905694150420947*fc[41]+0.6123724356957944*(fl[16]+fc[16])+0.3535533905932737*fl[5]-0.3535533905932737*fc[5])*amax+0.1581138830084189*(alpha[5]*favg_l[17]+favg_l[10]*alpha[13])+0.1414213562373095*alpha[11]*favg_l[12]+0.1581138830084189*(alpha[2]*favg_l[12]+alpha[1]*favg_l[11]+favg_l[1]*alpha[11])+0.1767766952966368*alpha[3]*favg_l[10]+0.1581138830084189*(alpha[4]*(favg_l[8]+favg_l[7])+favg_l[4]*alpha[7])+0.1767766952966368*(alpha[5]*favg_l[6]+alpha[0]*favg_l[4]+favg_l[0]*alpha[4]+alpha[1]*favg_l[2]+favg_l[1]*alpha[2]); 
  Ghat_l[5] = (0.7905694150420947*fl[42]-0.7905694150420947*fc[42]+0.6123724356957944*(fl[17]+fc[17])+0.3535533905932737*fl[6]-0.3535533905932737*fc[6])*amax+0.1581138830084189*alpha[4]*favg_l[17]+0.1414213562373095*alpha[13]*favg_l[15]+0.1581138830084189*(alpha[3]*favg_l[15]+alpha[1]*favg_l[13]+favg_l[1]*alpha[13])+favg_l[10]*(0.1581138830084189*alpha[11]+0.1767766952966368*alpha[2])+0.1581138830084189*(alpha[5]*(favg_l[9]+favg_l[7])+favg_l[5]*alpha[7])+0.1767766952966368*(alpha[4]*favg_l[6]+alpha[0]*favg_l[5]+favg_l[0]*alpha[5]+alpha[1]*favg_l[3]+favg_l[1]*alpha[3]); 
  Ghat_l[6] = (0.7905694150420947*fl[43]-0.7905694150420947*fc[43]+0.6123724356957944*(fl[18]+fc[18])+0.3535533905932737*fl[7]-0.3535533905932737*fc[7])*amax+0.1581138830084189*(alpha[5]*favg_l[19]+alpha[4]*favg_l[18])+0.1767766952966368*alpha[7]*favg_l[17]+0.1581138830084189*(alpha[3]*favg_l[16]+alpha[2]*favg_l[14])+0.1767766952966368*(alpha[11]*favg_l[13]+favg_l[11]*alpha[13]+alpha[1]*favg_l[10]+alpha[0]*favg_l[6]+alpha[4]*favg_l[5]+favg_l[4]*alpha[5]+alpha[2]*favg_l[3]+favg_l[2]*alpha[3]); 
  Ghat_l[7] = (0.6123724356957944*(fl[25]+fc[25])+0.3535533905932737*fl[11]-0.3535533905932737*fc[11])*amax+0.1129384878631564*alpha[13]*favg_l[13]+0.1767766952966368*(alpha[3]*favg_l[13]+favg_l[3]*alpha[13])+0.1129384878631564*alpha[11]*favg_l[11]+0.1767766952966368*(alpha[2]*favg_l[11]+favg_l[2]*alpha[11])+0.1129384878631564*alpha[7]*favg_l[7]+0.1767766952966368*(alpha[0]*favg_l[7]+favg_l[0]*alpha[7])+0.1581138830084189*(alpha[5]*favg_l[5]+alpha[4]*favg_l[4]+alpha[1]*favg_l[1]); 
  Ghat_l[8] = (0.6123724356957944*(fl[26]+fc[26])+0.3535533905932737*fl[12]-0.3535533905932737*fc[12])*amax+0.1767766952966368*(alpha[5]*favg_l[18]+alpha[3]*favg_l[14]+alpha[1]*favg_l[12])+0.1581138830084189*alpha[11]*favg_l[11]+0.1767766952966368*alpha[0]*favg_l[8]+0.1581138830084189*(alpha[4]*favg_l[4]+alpha[2]*favg_l[2]); 
  Ghat_l[9] = (0.6123724356957944*(fl[27]+fc[27])+0.3535533905932737*fl[13]-0.3535533905932737*fc[13])*amax+0.1767766952966368*(alpha[4]*favg_l[19]+alpha[2]*favg_l[16]+alpha[1]*favg_l[15])+0.1581138830084189*alpha[13]*favg_l[13]+0.1767766952966368*alpha[0]*favg_l[9]+0.1581138830084189*(alpha[5]*favg_l[5]+alpha[3]*favg_l[3]); 
  Ghat_l[10] = (0.7905694150420947*fl[47]-0.7905694150420947*fc[47]+0.6123724356957944*(fl[31]+fc[31])+0.3535533905932737*fl[15]-0.3535533905932737*fc[15])*amax+(0.1414213562373095*alpha[13]+0.1581138830084189*alpha[3])*favg_l[19]+0.1414213562373095*alpha[11]*favg_l[18]+0.1581138830084189*(alpha[2]*favg_l[18]+alpha[1]*favg_l[17]+alpha[5]*favg_l[16]+alpha[4]*(favg_l[14]+favg_l[13])+favg_l[4]*alpha[13]+alpha[5]*favg_l[11]+favg_l[5]*alpha[11]+alpha[7]*favg_l[10])+0.1767766952966368*(alpha[0]*favg_l[10]+alpha[1]*favg_l[6]+alpha[2]*favg_l[5]+favg_l[2]*alpha[5]+alpha[3]*favg_l[4]+favg_l[3]*alpha[4]); 
  Ghat_l[11] = (0.6123724356957944*(fl[35]+fc[35])+0.3535533905932737*fl[19]-0.3535533905932737*fc[19])*amax+0.1129384878631564*alpha[13]*favg_l[17]+0.1767766952966368*(alpha[3]*favg_l[17]+favg_l[6]*alpha[13])+0.1414213562373095*alpha[4]*favg_l[12]+(0.1129384878631564*alpha[7]+0.1767766952966368*alpha[0])*favg_l[11]+(0.1581138830084189*favg_l[8]+0.1129384878631564*favg_l[7]+0.1767766952966368*favg_l[0])*alpha[11]+0.1581138830084189*alpha[5]*favg_l[10]+0.1767766952966368*(alpha[2]*favg_l[7]+favg_l[2]*alpha[7])+0.1581138830084189*(alpha[1]*favg_l[4]+favg_l[1]*alpha[4]); 
  Ghat_l[12] = (0.6123724356957944*(fl[36]+fc[36])+0.3535533905932737*fl[20]-0.3535533905932737*fc[20])*amax+0.1581138830084189*alpha[13]*favg_l[18]+0.1767766952966368*(alpha[3]*favg_l[18]+alpha[5]*favg_l[14])+(0.1581138830084189*alpha[7]+0.1767766952966368*alpha[0])*favg_l[12]+0.1414213562373095*(alpha[4]*favg_l[11]+favg_l[4]*alpha[11])+0.1767766952966368*alpha[1]*favg_l[8]+0.1581138830084189*(alpha[2]*favg_l[4]+favg_l[2]*alpha[4]); 
  Ghat_l[13] = (0.6123724356957944*(fl[37]+fc[37])+0.3535533905932737*fl[21]-0.3535533905932737*fc[21])*amax+(0.1129384878631564*alpha[11]+0.1767766952966368*alpha[2])*favg_l[17]+0.1414213562373095*alpha[5]*favg_l[15]+(0.1129384878631564*alpha[7]+0.1767766952966368*alpha[0])*favg_l[13]+(0.1581138830084189*favg_l[9]+0.1129384878631564*favg_l[7])*alpha[13]+0.1767766952966368*(favg_l[0]*alpha[13]+favg_l[6]*alpha[11])+0.1581138830084189*alpha[4]*favg_l[10]+0.1767766952966368*(alpha[3]*favg_l[7]+favg_l[3]*alpha[7])+0.1581138830084189*(alpha[1]*favg_l[5]+favg_l[1]*alpha[5]); 
  Ghat_l[14] = (0.6123724356957944*(fl[38]+fc[38])+0.3535533905932737*fl[22]-0.3535533905932737*fc[22])*amax+0.1767766952966368*alpha[1]*favg_l[18]+0.1581138830084189*alpha[11]*favg_l[17]+0.1767766952966368*(alpha[0]*favg_l[14]+alpha[5]*favg_l[12])+0.1581138830084189*alpha[4]*favg_l[10]+0.1767766952966368*alpha[3]*favg_l[8]+0.1581138830084189*alpha[2]*favg_l[6]; 
  Ghat_l[15] = (0.6123724356957944*(fl[39]+fc[39])+0.3535533905932737*fl[23]-0.3535533905932737*fc[23])*amax+0.1581138830084189*alpha[11]*favg_l[19]+0.1767766952966368*(alpha[2]*favg_l[19]+alpha[4]*favg_l[16])+(0.1581138830084189*alpha[7]+0.1767766952966368*alpha[0])*favg_l[15]+0.1414213562373095*(alpha[5]*favg_l[13]+favg_l[5]*alpha[13])+0.1767766952966368*alpha[1]*favg_l[9]+0.1581138830084189*(alpha[3]*favg_l[5]+favg_l[3]*alpha[5]); 
  Ghat_l[16] = (0.6123724356957944*(fl[40]+fc[40])+0.3535533905932737*fl[24]-0.3535533905932737*fc[24])*amax+0.1767766952966368*alpha[1]*favg_l[19]+0.1581138830084189*alpha[13]*favg_l[17]+0.1767766952966368*(alpha[0]*favg_l[16]+alpha[4]*favg_l[15])+0.1581138830084189*alpha[5]*favg_l[10]+0.1767766952966368*alpha[2]*favg_l[9]+0.1581138830084189*alpha[3]*favg_l[6]; 
  Ghat_l[17] = (0.6123724356957944*(fl[44]+fc[44])+0.3535533905932737*fl[32]-0.3535533905932737*fc[32])*amax+0.1414213562373095*(alpha[5]*favg_l[19]+alpha[4]*favg_l[18])+(0.1129384878631564*alpha[7]+0.1767766952966368*alpha[0])*favg_l[17]+0.1581138830084189*(alpha[13]*favg_l[16]+alpha[11]*favg_l[14])+(0.1129384878631564*alpha[11]+0.1767766952966368*alpha[2])*favg_l[13]+0.1129384878631564*favg_l[11]*alpha[13]+0.1767766952966368*(favg_l[2]*alpha[13]+alpha[3]*favg_l[11]+favg_l[3]*alpha[11])+0.1581138830084189*alpha[1]*favg_l[10]+0.1767766952966368*favg_l[6]*alpha[7]+0.1581138830084189*(alpha[4]*favg_l[5]+favg_l[4]*alpha[5]); 
  Ghat_l[18] = (0.6123724356957944*(fl[45]+fc[45])+0.3535533905932737*fl[33]-0.3535533905932737*fc[33])*amax+(0.1581138830084189*alpha[7]+0.1767766952966368*alpha[0])*favg_l[18]+0.1414213562373095*alpha[4]*favg_l[17]+0.1767766952966368*alpha[1]*favg_l[14]+favg_l[12]*(0.1581138830084189*alpha[13]+0.1767766952966368*alpha[3])+favg_l[10]*(0.1414213562373095*alpha[11]+0.1581138830084189*alpha[2])+0.1767766952966368*alpha[5]*favg_l[8]+0.1581138830084189*alpha[4]*favg_l[6]; 
  Ghat_l[19] = (0.6123724356957944*(fl[46]+fc[46])+0.3535533905932737*fl[34]-0.3535533905932737*fc[34])*amax+(0.1581138830084189*alpha[7]+0.1767766952966368*alpha[0])*favg_l[19]+0.1414213562373095*alpha[5]*favg_l[17]+0.1767766952966368*alpha[1]*favg_l[16]+(0.1581138830084189*alpha[11]+0.1767766952966368*alpha[2])*favg_l[15]+favg_l[10]*(0.1414213562373095*alpha[13]+0.1581138830084189*alpha[3])+0.1767766952966368*alpha[4]*favg_l[9]+0.1581138830084189*alpha[5]*favg_l[6]; 

  out[0] += (0.7071067811865475*Ghat_l[0]-0.7071067811865475*Ghat_r[0])*dv12; 
  out[1] += (0.7071067811865475*Ghat_l[1]-0.7071067811865475*Ghat_r[1])*dv12; 
  out[2] += (0.7071067811865475*Ghat_l[2]-0.7071067811865475*Ghat_r[2])*dv12; 
  out[3] += (0.7071067811865475*Ghat_l[3]-0.7071067811865475*Ghat_r[3])*dv12; 
  out[4] += -1.224744871391589*(Ghat_r[0]+Ghat_l[0])*dv12; 
  out[5] += (0.7071067811865475*Ghat_l[4]-0.7071067811865475*Ghat_r[4])*dv12; 
  out[6] += (0.7071067811865475*Ghat_l[5]-0.7071067811865475*Ghat_r[5])*dv12; 
  out[7] += (0.7071067811865475*Ghat_l[6]-0.7071067811865475*Ghat_r[6])*dv12; 
  out[8] += -1.224744871391589*(Ghat_r[1]+Ghat_l[1])*dv12; 
  out[9] += -1.224744871391589*(Ghat_r[2]+Ghat_l[2])*dv12; 
  out[10] += -1.224744871391589*(Ghat_r[3]+Ghat_l[3])*dv12; 
  out[11] += (0.7071067811865475*Ghat_l[7]-0.7071067811865475*Ghat_r[7])*dv12; 
  out[12] += (0.7071067811865475*Ghat_l[8]-0.7071067811865475*Ghat_r[8])*dv12; 
  out[13] += (0.7071067811865475*Ghat_l[9]-0.7071067811865475*Ghat_r[9])*dv12; 
  out[14] += (1.58113883008419*Ghat_l[0]-1.58113883008419*Ghat_r[0])*dv12; 
  out[15] += (0.7071067811865475*Ghat_l[10]-0.7071067811865475*Ghat_r[10])*dv12; 
  out[16] += -1.224744871391589*(Ghat_r[4]+Ghat_l[4])*dv12; 
  out[17] += -1.224744871391589*(Ghat_r[5]+Ghat_l[5])*dv12; 
  out[18] += -1.224744871391589*(Ghat_r[6]+Ghat_l[6])*dv12; 
  out[19] += (0.7071067811865475*Ghat_l[11]-0.7071067811865475*Ghat_r[11])*dv12; 
  out[20] += (0.7071067811865475*Ghat_l[12]-0.7071067811865475*Ghat_r[12])*dv12; 
  out[21] += (0.7071067811865475*Ghat_l[13]-0.7071067811865475*Ghat_r[13])*dv12; 
  out[22] += (0.7071067811865475*Ghat_l[14]-0.7071067811865475*Ghat_r[14])*dv12; 
  out[23] += (0.7071067811865475*Ghat_l[15]-0.7071067811865475*Ghat_r[15])*dv12; 
  out[24] += (0.7071067811865475*Ghat_l[16]-0.7071067811865475*Ghat_r[16])*dv12; 
  out[25] += -1.224744871391589*(Ghat_r[7]+Ghat_l[7])*dv12; 
  out[26] += -1.224744871391589*(Ghat_r[8]+Ghat_l[8])*dv12; 
  out[27] += -1.224744871391589*(Ghat_r[9]+Ghat_l[9])*dv12; 
  out[28] += (1.58113883008419*Ghat_l[1]-1.58113883008419*Ghat_r[1])*dv12; 
  out[29] += (1.58113883008419*Ghat_l[2]-1.58113883008419*Ghat_r[2])*dv12; 
  out[30] += (1.58113883008419*Ghat_l[3]-1.58113883008419*Ghat_r[3])*dv12; 
  out[31] += -1.224744871391589*(Ghat_r[10]+Ghat_l[10])*dv12; 
  out[32] += (0.7071067811865475*Ghat_l[17]-0.7071067811865475*Ghat_r[17])*dv12; 
  out[33] += (0.7071067811865475*Ghat_l[18]-0.7071067811865475*Ghat_r[18])*dv12; 
  out[34] += (0.7071067811865475*Ghat_l[19]-0.7071067811865475*Ghat_r[19])*dv12; 
  out[35] += -1.224744871391589*(Ghat_r[11]+Ghat_l[11])*dv12; 
  out[36] += -1.224744871391589*(Ghat_r[12]+Ghat_l[12])*dv12; 
  out[37] += -1.224744871391589*(Ghat_r[13]+Ghat_l[13])*dv12; 
  out[38] += -1.224744871391589*(Ghat_r[14]+Ghat_l[14])*dv12; 
  out[39] += -1.224744871391589*(Ghat_r[15]+Ghat_l[15])*dv12; 
  out[40] += -1.224744871391589*(Ghat_r[16]+Ghat_l[16])*dv12; 
  out[41] += (1.58113883008419*Ghat_l[4]-1.58113883008419*Ghat_r[4])*dv12; 
  out[42] += (1.58113883008419*Ghat_l[5]-1.58113883008419*Ghat_r[5])*dv12; 
  out[43] += (1.58113883008419*Ghat_l[6]-1.58113883008419*Ghat_r[6])*dv12; 
  out[44] += -1.224744871391589*(Ghat_r[17]+Ghat_l[17])*dv12; 
  out[45] += -1.224744871391589*(Ghat_r[18]+Ghat_l[18])*dv12; 
  out[46] += -1.224744871391589*(Ghat_r[19]+Ghat_l[19])*dv12; 
  out[47] += (1.58113883008419*Ghat_l[10]-1.58113883008419*Ghat_r[10])*dv12; 

  return fabs(amid); 
} 
