#include <gkyl_fpo_vlasov_kernels.h>

GKYL_CU_DH double
fpo_vlasov_diff_surfvzvz_1x3v_ser_p2(const double* w, const double* dx,
  const double* g[], const double* f[], double* GKYL_RESTRICT out) 
{
  // w[NDIM]: Cell-center coordinates
  // dxv[NDIM]: Cell spacing
  // g: 
  // f: 
  // out: Incremented output

  const double Jvzvz = 4/dx[3]/dx[3];

  const double* gllc = g[1];
  const double* glcl = g[3];
  const double* glcc = g[4];
  const double* glcu = g[5];
  const double* gluc = g[7];
  const double* gcll = g[9];
  const double* gclc = g[10];
  const double* gclu = g[11];
  const double* gccl = g[12];
  const double* gccc = g[13];
  const double* gccu = g[14];
  const double* gcul = g[15];
  const double* gcuc = g[16];
  const double* gcuu = g[17];
  const double* gulc = g[19];
  const double* gucl = g[21];
  const double* gucc = g[22];
  const double* gucu = g[23];
  const double* guuc = g[25];

  const double* fllc = f[1];
  const double* flcl = f[3];
  const double* flcc = f[4];
  const double* flcu = f[5];
  const double* fluc = f[7];
  const double* fcll = f[9];
  const double* fclc = f[10];
  const double* fclu = f[11];
  const double* fccl = f[12];
  const double* fccc = f[13];
  const double* fccu = f[14];
  const double* fcul = f[15];
  const double* fcuc = f[16];
  const double* fcuu = f[17];
  const double* fulc = f[19];
  const double* fucl = f[21];
  const double* fucc = f[22];
  const double* fucu = f[23];
  const double* fuuc = f[25];

  double D_proj1_l[20];
  D_proj1_l[0] = (-2.075244714485498*gccl[14])-2.075244714485498*gccc[14]-1.148198316929614*gccl[4]+1.148198316929614*gccc[4];
  D_proj1_l[1] = (-2.075244714485498*gccl[28])-2.075244714485498*gccc[28]-1.148198316929614*gccl[8]+1.148198316929614*gccc[8];
  D_proj1_l[2] = (-2.075244714485498*gccl[29])-2.075244714485498*gccc[29]-1.148198316929614*gccl[9]+1.148198316929614*gccc[9];
  D_proj1_l[3] = (-2.075244714485498*gccl[30])-2.075244714485498*gccc[30]-1.148198316929614*gccl[10]+1.148198316929614*gccc[10];
  D_proj1_l[4] = (-2.075244714485498*gccl[41])-2.075244714485498*gccc[41]-1.148198316929614*gccl[16]+1.148198316929614*gccc[16];
  D_proj1_l[5] = (-2.075244714485498*gccl[42])-2.075244714485498*gccc[42]-1.148198316929614*gccl[17]+1.148198316929614*gccc[17];
  D_proj1_l[6] = (-2.075244714485498*gccl[43])-2.075244714485498*gccc[43]-1.148198316929614*gccl[18]+1.148198316929614*gccc[18];
  D_proj1_l[7] = 1.148198316929614*gccc[25]-1.148198316929614*gccl[25];
  D_proj1_l[8] = 1.148198316929614*gccc[26]-1.148198316929614*gccl[26];
  D_proj1_l[9] = 1.148198316929614*gccc[27]-1.148198316929614*gccl[27];
  D_proj1_l[10] = (-2.075244714485498*gccl[47])-2.075244714485498*gccc[47]-1.148198316929614*gccl[31]+1.148198316929614*gccc[31];
  D_proj1_l[11] = 1.148198316929614*gccc[35]-1.148198316929614*gccl[35];
  D_proj1_l[12] = 1.148198316929614*gccc[36]-1.148198316929614*gccl[36];
  D_proj1_l[13] = 1.148198316929614*gccc[37]-1.148198316929614*gccl[37];
  D_proj1_l[14] = 1.148198316929614*gccc[38]-1.148198316929614*gccl[38];
  D_proj1_l[15] = 1.148198316929614*gccc[39]-1.148198316929614*gccl[39];
  D_proj1_l[16] = 1.148198316929614*gccc[40]-1.148198316929614*gccl[40];
  D_proj1_l[17] = 1.148198316929614*gccc[44]-1.148198316929614*gccl[44];
  D_proj1_l[18] = 1.148198316929614*gccc[45]-1.148198316929614*gccl[45];
  D_proj1_l[19] = 1.148198316929614*gccc[46]-1.148198316929614*gccl[46];

  double D_proj1_u[20];
  D_proj1_u[0] = (-2.075244714485498*gccu[14])-2.075244714485498*gccc[14]+1.148198316929614*gccu[4]-1.148198316929614*gccc[4];
  D_proj1_u[1] = (-2.075244714485498*gccu[28])-2.075244714485498*gccc[28]+1.148198316929614*gccu[8]-1.148198316929614*gccc[8];
  D_proj1_u[2] = (-2.075244714485498*gccu[29])-2.075244714485498*gccc[29]+1.148198316929614*gccu[9]-1.148198316929614*gccc[9];
  D_proj1_u[3] = (-2.075244714485498*gccu[30])-2.075244714485498*gccc[30]+1.148198316929614*gccu[10]-1.148198316929614*gccc[10];
  D_proj1_u[4] = (-2.075244714485498*gccu[41])-2.075244714485498*gccc[41]+1.148198316929614*gccu[16]-1.148198316929614*gccc[16];
  D_proj1_u[5] = (-2.075244714485498*gccu[42])-2.075244714485498*gccc[42]+1.148198316929614*gccu[17]-1.148198316929614*gccc[17];
  D_proj1_u[6] = (-2.075244714485498*gccu[43])-2.075244714485498*gccc[43]+1.148198316929614*gccu[18]-1.148198316929614*gccc[18];
  D_proj1_u[7] = 1.148198316929614*gccu[25]-1.148198316929614*gccc[25];
  D_proj1_u[8] = 1.148198316929614*gccu[26]-1.148198316929614*gccc[26];
  D_proj1_u[9] = 1.148198316929614*gccu[27]-1.148198316929614*gccc[27];
  D_proj1_u[10] = (-2.075244714485498*gccu[47])-2.075244714485498*gccc[47]+1.148198316929614*gccu[31]-1.148198316929614*gccc[31];
  D_proj1_u[11] = 1.148198316929614*gccu[35]-1.148198316929614*gccc[35];
  D_proj1_u[12] = 1.148198316929614*gccu[36]-1.148198316929614*gccc[36];
  D_proj1_u[13] = 1.148198316929614*gccu[37]-1.148198316929614*gccc[37];
  D_proj1_u[14] = 1.148198316929614*gccu[38]-1.148198316929614*gccc[38];
  D_proj1_u[15] = 1.148198316929614*gccu[39]-1.148198316929614*gccc[39];
  D_proj1_u[16] = 1.148198316929614*gccu[40]-1.148198316929614*gccc[40];
  D_proj1_u[17] = 1.148198316929614*gccu[44]-1.148198316929614*gccc[44];
  D_proj1_u[18] = 1.148198316929614*gccu[45]-1.148198316929614*gccc[45];
  D_proj1_u[19] = 1.148198316929614*gccu[46]-1.148198316929614*gccc[46];

  double df_proj1_l[20];
  df_proj1_l[0] = (-0.9486832980505137*fccl[14])+0.9486832980505137*fccc[14]-1.684024198163434*fccl[4]-1.684024198163434*fccc[4]-1.325825214724776*fccl[0]+1.325825214724776*fccc[0];
  df_proj1_l[1] = (-0.9486832980505138*fccl[28])+0.9486832980505138*fccc[28]-1.684024198163434*fccl[8]-1.684024198163434*fccc[8]-1.325825214724776*fccl[1]+1.325825214724776*fccc[1];
  df_proj1_l[2] = (-0.9486832980505138*fccl[29])+0.9486832980505138*fccc[29]-1.684024198163434*fccl[9]-1.684024198163434*fccc[9]-1.325825214724776*fccl[2]+1.325825214724776*fccc[2];
  df_proj1_l[3] = (-0.9486832980505138*fccl[30])+0.9486832980505138*fccc[30]-1.684024198163434*fccl[10]-1.684024198163434*fccc[10]-1.325825214724776*fccl[3]+1.325825214724776*fccc[3];
  df_proj1_l[4] = (-0.9486832980505137*fccl[41])+0.9486832980505137*fccc[41]-1.684024198163434*fccl[16]-1.684024198163434*fccc[16]-1.325825214724776*fccl[5]+1.325825214724776*fccc[5];
  df_proj1_l[5] = (-0.9486832980505137*fccl[42])+0.9486832980505137*fccc[42]-1.684024198163434*fccl[17]-1.684024198163434*fccc[17]-1.325825214724776*fccl[6]+1.325825214724776*fccc[6];
  df_proj1_l[6] = (-0.9486832980505137*fccl[43])+0.9486832980505137*fccc[43]-1.684024198163434*fccl[18]-1.684024198163434*fccc[18]-1.325825214724776*fccl[7]+1.325825214724776*fccc[7];
  df_proj1_l[7] = (-1.684024198163434*fccl[25])-1.684024198163434*fccc[25]-1.325825214724776*fccl[11]+1.325825214724776*fccc[11];
  df_proj1_l[8] = (-1.684024198163434*fccl[26])-1.684024198163434*fccc[26]-1.325825214724776*fccl[12]+1.325825214724776*fccc[12];
  df_proj1_l[9] = (-1.684024198163434*fccl[27])-1.684024198163434*fccc[27]-1.325825214724776*fccl[13]+1.325825214724776*fccc[13];
  df_proj1_l[10] = (-0.9486832980505138*fccl[47])+0.9486832980505138*fccc[47]-1.684024198163434*fccl[31]-1.684024198163434*fccc[31]-1.325825214724776*fccl[15]+1.325825214724776*fccc[15];
  df_proj1_l[11] = (-1.684024198163434*fccl[35])-1.684024198163434*fccc[35]-1.325825214724776*fccl[19]+1.325825214724776*fccc[19];
  df_proj1_l[12] = (-1.684024198163434*fccl[36])-1.684024198163434*fccc[36]-1.325825214724776*fccl[20]+1.325825214724776*fccc[20];
  df_proj1_l[13] = (-1.684024198163434*fccl[37])-1.684024198163434*fccc[37]-1.325825214724776*fccl[21]+1.325825214724776*fccc[21];
  df_proj1_l[14] = (-1.684024198163434*fccl[38])-1.684024198163434*fccc[38]-1.325825214724776*fccl[22]+1.325825214724776*fccc[22];
  df_proj1_l[15] = (-1.684024198163434*fccl[39])-1.684024198163434*fccc[39]-1.325825214724776*fccl[23]+1.325825214724776*fccc[23];
  df_proj1_l[16] = (-1.684024198163434*fccl[40])-1.684024198163434*fccc[40]-1.325825214724776*fccl[24]+1.325825214724776*fccc[24];
  df_proj1_l[17] = (-1.684024198163434*fccl[44])-1.684024198163434*fccc[44]-1.325825214724776*fccl[32]+1.325825214724776*fccc[32];
  df_proj1_l[18] = (-1.684024198163434*fccl[45])-1.684024198163434*fccc[45]-1.325825214724776*fccl[33]+1.325825214724776*fccc[33];
  df_proj1_l[19] = (-1.684024198163434*fccl[46])-1.684024198163434*fccc[46]-1.325825214724776*fccl[34]+1.325825214724776*fccc[34];

  double df_proj1_u[20];
  df_proj1_u[0] = 0.9486832980505137*fccu[14]-0.9486832980505137*fccc[14]-1.684024198163434*fccu[4]-1.684024198163434*fccc[4]+1.325825214724776*fccu[0]-1.325825214724776*fccc[0];
  df_proj1_u[1] = 0.9486832980505138*fccu[28]-0.9486832980505138*fccc[28]-1.684024198163434*fccu[8]-1.684024198163434*fccc[8]+1.325825214724776*fccu[1]-1.325825214724776*fccc[1];
  df_proj1_u[2] = 0.9486832980505138*fccu[29]-0.9486832980505138*fccc[29]-1.684024198163434*fccu[9]-1.684024198163434*fccc[9]+1.325825214724776*fccu[2]-1.325825214724776*fccc[2];
  df_proj1_u[3] = 0.9486832980505138*fccu[30]-0.9486832980505138*fccc[30]-1.684024198163434*fccu[10]-1.684024198163434*fccc[10]+1.325825214724776*fccu[3]-1.325825214724776*fccc[3];
  df_proj1_u[4] = 0.9486832980505137*fccu[41]-0.9486832980505137*fccc[41]-1.684024198163434*fccu[16]-1.684024198163434*fccc[16]+1.325825214724776*fccu[5]-1.325825214724776*fccc[5];
  df_proj1_u[5] = 0.9486832980505137*fccu[42]-0.9486832980505137*fccc[42]-1.684024198163434*fccu[17]-1.684024198163434*fccc[17]+1.325825214724776*fccu[6]-1.325825214724776*fccc[6];
  df_proj1_u[6] = 0.9486832980505137*fccu[43]-0.9486832980505137*fccc[43]-1.684024198163434*fccu[18]-1.684024198163434*fccc[18]+1.325825214724776*fccu[7]-1.325825214724776*fccc[7];
  df_proj1_u[7] = (-1.684024198163434*fccu[25])-1.684024198163434*fccc[25]+1.325825214724776*fccu[11]-1.325825214724776*fccc[11];
  df_proj1_u[8] = (-1.684024198163434*fccu[26])-1.684024198163434*fccc[26]+1.325825214724776*fccu[12]-1.325825214724776*fccc[12];
  df_proj1_u[9] = (-1.684024198163434*fccu[27])-1.684024198163434*fccc[27]+1.325825214724776*fccu[13]-1.325825214724776*fccc[13];
  df_proj1_u[10] = 0.9486832980505138*fccu[47]-0.9486832980505138*fccc[47]-1.684024198163434*fccu[31]-1.684024198163434*fccc[31]+1.325825214724776*fccu[15]-1.325825214724776*fccc[15];
  df_proj1_u[11] = (-1.684024198163434*fccu[35])-1.684024198163434*fccc[35]+1.325825214724776*fccu[19]-1.325825214724776*fccc[19];
  df_proj1_u[12] = (-1.684024198163434*fccu[36])-1.684024198163434*fccc[36]+1.325825214724776*fccu[20]-1.325825214724776*fccc[20];
  df_proj1_u[13] = (-1.684024198163434*fccu[37])-1.684024198163434*fccc[37]+1.325825214724776*fccu[21]-1.325825214724776*fccc[21];
  df_proj1_u[14] = (-1.684024198163434*fccu[38])-1.684024198163434*fccc[38]+1.325825214724776*fccu[22]-1.325825214724776*fccc[22];
  df_proj1_u[15] = (-1.684024198163434*fccu[39])-1.684024198163434*fccc[39]+1.325825214724776*fccu[23]-1.325825214724776*fccc[23];
  df_proj1_u[16] = (-1.684024198163434*fccu[40])-1.684024198163434*fccc[40]+1.325825214724776*fccu[24]-1.325825214724776*fccc[24];
  df_proj1_u[17] = (-1.684024198163434*fccu[44])-1.684024198163434*fccc[44]+1.325825214724776*fccu[32]-1.325825214724776*fccc[32];
  df_proj1_u[18] = (-1.684024198163434*fccu[45])-1.684024198163434*fccc[45]+1.325825214724776*fccu[33]-1.325825214724776*fccc[33];
  df_proj1_u[19] = (-1.684024198163434*fccu[46])-1.684024198163434*fccc[46]+1.325825214724776*fccu[34]-1.325825214724776*fccc[34];

  double f_proj2_l[20];
  f_proj2_l[0] = 0.3458741190809163*fccl[14]+0.3458741190809163*fccc[14]+0.4975526040028326*fccl[4]-0.4975526040028326*fccc[4]+0.3535533905932737*fccl[0]+0.3535533905932737*fccc[0];
  f_proj2_l[1] = 0.3458741190809163*fccl[28]+0.3458741190809163*fccc[28]+0.4975526040028326*fccl[8]-0.4975526040028326*fccc[8]+0.3535533905932737*fccl[1]+0.3535533905932737*fccc[1];
  f_proj2_l[2] = 0.3458741190809163*fccl[29]+0.3458741190809163*fccc[29]+0.4975526040028326*fccl[9]-0.4975526040028326*fccc[9]+0.3535533905932737*fccl[2]+0.3535533905932737*fccc[2];
  f_proj2_l[3] = 0.3458741190809163*fccl[30]+0.3458741190809163*fccc[30]+0.4975526040028326*fccl[10]-0.4975526040028326*fccc[10]+0.3535533905932737*fccl[3]+0.3535533905932737*fccc[3];
  f_proj2_l[4] = 0.3458741190809163*fccl[41]+0.3458741190809163*fccc[41]+0.4975526040028326*fccl[16]-0.4975526040028326*fccc[16]+0.3535533905932737*fccl[5]+0.3535533905932737*fccc[5];
  f_proj2_l[5] = 0.3458741190809163*fccl[42]+0.3458741190809163*fccc[42]+0.4975526040028326*fccl[17]-0.4975526040028326*fccc[17]+0.3535533905932737*fccl[6]+0.3535533905932737*fccc[6];
  f_proj2_l[6] = 0.3458741190809163*fccl[43]+0.3458741190809163*fccc[43]+0.4975526040028326*fccl[18]-0.4975526040028326*fccc[18]+0.3535533905932737*fccl[7]+0.3535533905932737*fccc[7];
  f_proj2_l[7] = 0.4975526040028326*fccl[25]-0.4975526040028326*fccc[25]+0.3535533905932737*fccl[11]+0.3535533905932737*fccc[11];
  f_proj2_l[8] = 0.4975526040028326*fccl[26]-0.4975526040028326*fccc[26]+0.3535533905932737*fccl[12]+0.3535533905932737*fccc[12];
  f_proj2_l[9] = 0.4975526040028326*fccl[27]-0.4975526040028326*fccc[27]+0.3535533905932737*fccl[13]+0.3535533905932737*fccc[13];
  f_proj2_l[10] = 0.3458741190809163*fccl[47]+0.3458741190809163*fccc[47]+0.4975526040028326*fccl[31]-0.4975526040028326*fccc[31]+0.3535533905932737*fccl[15]+0.3535533905932737*fccc[15];
  f_proj2_l[11] = 0.4975526040028326*fccl[35]-0.4975526040028326*fccc[35]+0.3535533905932737*fccl[19]+0.3535533905932737*fccc[19];
  f_proj2_l[12] = 0.4975526040028326*fccl[36]-0.4975526040028326*fccc[36]+0.3535533905932737*fccl[20]+0.3535533905932737*fccc[20];
  f_proj2_l[13] = 0.4975526040028326*fccl[37]-0.4975526040028326*fccc[37]+0.3535533905932737*fccl[21]+0.3535533905932737*fccc[21];
  f_proj2_l[14] = 0.4975526040028326*fccl[38]-0.4975526040028326*fccc[38]+0.3535533905932737*fccl[22]+0.3535533905932737*fccc[22];
  f_proj2_l[15] = 0.4975526040028326*fccl[39]-0.4975526040028326*fccc[39]+0.3535533905932737*fccl[23]+0.3535533905932737*fccc[23];
  f_proj2_l[16] = 0.4975526040028326*fccl[40]-0.4975526040028326*fccc[40]+0.3535533905932737*fccl[24]+0.3535533905932737*fccc[24];
  f_proj2_l[17] = 0.4975526040028326*fccl[44]-0.4975526040028326*fccc[44]+0.3535533905932737*fccl[32]+0.3535533905932737*fccc[32];
  f_proj2_l[18] = 0.4975526040028326*fccl[45]-0.4975526040028326*fccc[45]+0.3535533905932737*fccl[33]+0.3535533905932737*fccc[33];
  f_proj2_l[19] = 0.4975526040028326*fccl[46]-0.4975526040028326*fccc[46]+0.3535533905932737*fccl[34]+0.3535533905932737*fccc[34];

  double f_proj2_u[20];
  f_proj2_u[0] = 0.3458741190809163*fccu[14]+0.3458741190809163*fccc[14]-0.4975526040028326*fccu[4]+0.4975526040028326*fccc[4]+0.3535533905932737*fccu[0]+0.3535533905932737*fccc[0];
  f_proj2_u[1] = 0.3458741190809163*fccu[28]+0.3458741190809163*fccc[28]-0.4975526040028326*fccu[8]+0.4975526040028326*fccc[8]+0.3535533905932737*fccu[1]+0.3535533905932737*fccc[1];
  f_proj2_u[2] = 0.3458741190809163*fccu[29]+0.3458741190809163*fccc[29]-0.4975526040028326*fccu[9]+0.4975526040028326*fccc[9]+0.3535533905932737*fccu[2]+0.3535533905932737*fccc[2];
  f_proj2_u[3] = 0.3458741190809163*fccu[30]+0.3458741190809163*fccc[30]-0.4975526040028326*fccu[10]+0.4975526040028326*fccc[10]+0.3535533905932737*fccu[3]+0.3535533905932737*fccc[3];
  f_proj2_u[4] = 0.3458741190809163*fccu[41]+0.3458741190809163*fccc[41]-0.4975526040028326*fccu[16]+0.4975526040028326*fccc[16]+0.3535533905932737*fccu[5]+0.3535533905932737*fccc[5];
  f_proj2_u[5] = 0.3458741190809163*fccu[42]+0.3458741190809163*fccc[42]-0.4975526040028326*fccu[17]+0.4975526040028326*fccc[17]+0.3535533905932737*fccu[6]+0.3535533905932737*fccc[6];
  f_proj2_u[6] = 0.3458741190809163*fccu[43]+0.3458741190809163*fccc[43]-0.4975526040028326*fccu[18]+0.4975526040028326*fccc[18]+0.3535533905932737*fccu[7]+0.3535533905932737*fccc[7];
  f_proj2_u[7] = (-0.4975526040028326*fccu[25])+0.4975526040028326*fccc[25]+0.3535533905932737*fccu[11]+0.3535533905932737*fccc[11];
  f_proj2_u[8] = (-0.4975526040028326*fccu[26])+0.4975526040028326*fccc[26]+0.3535533905932737*fccu[12]+0.3535533905932737*fccc[12];
  f_proj2_u[9] = (-0.4975526040028326*fccu[27])+0.4975526040028326*fccc[27]+0.3535533905932737*fccu[13]+0.3535533905932737*fccc[13];
  f_proj2_u[10] = 0.3458741190809163*fccu[47]+0.3458741190809163*fccc[47]-0.4975526040028326*fccu[31]+0.4975526040028326*fccc[31]+0.3535533905932737*fccu[15]+0.3535533905932737*fccc[15];
  f_proj2_u[11] = (-0.4975526040028326*fccu[35])+0.4975526040028326*fccc[35]+0.3535533905932737*fccu[19]+0.3535533905932737*fccc[19];
  f_proj2_u[12] = (-0.4975526040028326*fccu[36])+0.4975526040028326*fccc[36]+0.3535533905932737*fccu[20]+0.3535533905932737*fccc[20];
  f_proj2_u[13] = (-0.4975526040028326*fccu[37])+0.4975526040028326*fccc[37]+0.3535533905932737*fccu[21]+0.3535533905932737*fccc[21];
  f_proj2_u[14] = (-0.4975526040028326*fccu[38])+0.4975526040028326*fccc[38]+0.3535533905932737*fccu[22]+0.3535533905932737*fccc[22];
  f_proj2_u[15] = (-0.4975526040028326*fccu[39])+0.4975526040028326*fccc[39]+0.3535533905932737*fccu[23]+0.3535533905932737*fccc[23];
  f_proj2_u[16] = (-0.4975526040028326*fccu[40])+0.4975526040028326*fccc[40]+0.3535533905932737*fccu[24]+0.3535533905932737*fccc[24];
  f_proj2_u[17] = (-0.4975526040028326*fccu[44])+0.4975526040028326*fccc[44]+0.3535533905932737*fccu[32]+0.3535533905932737*fccc[32];
  f_proj2_u[18] = (-0.4975526040028326*fccu[45])+0.4975526040028326*fccc[45]+0.3535533905932737*fccu[33]+0.3535533905932737*fccc[33];
  f_proj2_u[19] = (-0.4975526040028326*fccu[46])+0.4975526040028326*fccc[46]+0.3535533905932737*fccu[34]+0.3535533905932737*fccc[34];

  out[0] +=  Jvzvz*(0.125*D_proj1_u[19]*df_proj1_u[19]-0.125*D_proj1_l[19]*df_proj1_l[19]+0.125*D_proj1_u[18]*df_proj1_u[18]-0.125*D_proj1_l[18]*df_proj1_l[18]+0.125*D_proj1_u[17]*df_proj1_u[17]-0.125*D_proj1_l[17]*df_proj1_l[17]+0.125*D_proj1_u[16]*df_proj1_u[16]-0.125*D_proj1_l[16]*df_proj1_l[16]+0.125*D_proj1_u[15]*df_proj1_u[15]-0.125*D_proj1_l[15]*df_proj1_l[15]+0.125*D_proj1_u[14]*df_proj1_u[14]-0.125*D_proj1_l[14]*df_proj1_l[14]+0.125*D_proj1_u[13]*df_proj1_u[13]-0.125*D_proj1_l[13]*df_proj1_l[13]+0.125*D_proj1_u[12]*df_proj1_u[12]-0.125*D_proj1_l[12]*df_proj1_l[12]+0.125*D_proj1_u[11]*df_proj1_u[11]-0.125*D_proj1_l[11]*df_proj1_l[11]+0.125*D_proj1_u[10]*df_proj1_u[10]-0.125*D_proj1_l[10]*df_proj1_l[10]+0.125*D_proj1_u[9]*df_proj1_u[9]-0.125*D_proj1_l[9]*df_proj1_l[9]+0.125*D_proj1_u[8]*df_proj1_u[8]-0.125*D_proj1_l[8]*df_proj1_l[8]+0.125*D_proj1_u[7]*df_proj1_u[7]-0.125*D_proj1_l[7]*df_proj1_l[7]+0.125*D_proj1_u[6]*df_proj1_u[6]-0.125*D_proj1_l[6]*df_proj1_l[6]+0.125*D_proj1_u[5]*df_proj1_u[5]-0.125*D_proj1_l[5]*df_proj1_l[5]+0.125*D_proj1_u[4]*df_proj1_u[4]-0.125*D_proj1_l[4]*df_proj1_l[4]+0.125*D_proj1_u[3]*df_proj1_u[3]-0.125*D_proj1_l[3]*df_proj1_l[3]+0.125*D_proj1_u[2]*df_proj1_u[2]-0.125*D_proj1_l[2]*df_proj1_l[2]+0.125*D_proj1_u[1]*df_proj1_u[1]-0.125*D_proj1_l[1]*df_proj1_l[1]+0.125*D_proj1_u[0]*df_proj1_u[0]-0.125*D_proj1_l[0]*df_proj1_l[0]);
  out[1] +=  Jvzvz*(0.125*D_proj1_u[16]*df_proj1_u[19]-0.125*D_proj1_l[16]*df_proj1_l[19]+0.125*df_proj1_u[16]*D_proj1_u[19]-0.125*df_proj1_l[16]*D_proj1_l[19]+0.125*D_proj1_u[14]*df_proj1_u[18]-0.125*D_proj1_l[14]*df_proj1_l[18]+0.125*df_proj1_u[14]*D_proj1_u[18]-0.125*df_proj1_l[14]*D_proj1_l[18]+0.1118033988749895*D_proj1_u[10]*df_proj1_u[17]-0.1118033988749895*D_proj1_l[10]*df_proj1_l[17]+0.1118033988749895*df_proj1_u[10]*D_proj1_u[17]-0.1118033988749895*df_proj1_l[10]*D_proj1_l[17]+0.125*D_proj1_u[9]*df_proj1_u[15]-0.125*D_proj1_l[9]*df_proj1_l[15]+0.125*df_proj1_u[9]*D_proj1_u[15]-0.125*df_proj1_l[9]*D_proj1_l[15]+0.1118033988749895*D_proj1_u[5]*df_proj1_u[13]-0.1118033988749895*D_proj1_l[5]*df_proj1_l[13]+0.1118033988749895*df_proj1_u[5]*D_proj1_u[13]-0.1118033988749895*df_proj1_l[5]*D_proj1_l[13]+0.125*D_proj1_u[8]*df_proj1_u[12]-0.125*D_proj1_l[8]*df_proj1_l[12]+0.125*df_proj1_u[8]*D_proj1_u[12]-0.125*df_proj1_l[8]*D_proj1_l[12]+0.1118033988749895*D_proj1_u[4]*df_proj1_u[11]-0.1118033988749895*D_proj1_l[4]*df_proj1_l[11]+0.1118033988749895*df_proj1_u[4]*D_proj1_u[11]-0.1118033988749895*df_proj1_l[4]*D_proj1_l[11]+0.125*D_proj1_u[6]*df_proj1_u[10]-0.125*D_proj1_l[6]*df_proj1_l[10]+0.125*df_proj1_u[6]*D_proj1_u[10]-0.125*df_proj1_l[6]*D_proj1_l[10]+0.1118033988749895*D_proj1_u[1]*df_proj1_u[7]-0.1118033988749895*D_proj1_l[1]*df_proj1_l[7]+0.1118033988749895*df_proj1_u[1]*D_proj1_u[7]-0.1118033988749895*df_proj1_l[1]*D_proj1_l[7]+0.125*D_proj1_u[3]*df_proj1_u[5]-0.125*D_proj1_l[3]*df_proj1_l[5]+0.125*df_proj1_u[3]*D_proj1_u[5]-0.125*df_proj1_l[3]*D_proj1_l[5]+0.125*D_proj1_u[2]*df_proj1_u[4]-0.125*D_proj1_l[2]*df_proj1_l[4]+0.125*df_proj1_u[2]*D_proj1_u[4]-0.125*df_proj1_l[2]*D_proj1_l[4]+0.125*D_proj1_u[0]*df_proj1_u[1]-0.125*D_proj1_l[0]*df_proj1_l[1]+0.125*df_proj1_u[0]*D_proj1_u[1]-0.125*df_proj1_l[0]*D_proj1_l[1]);
  out[2] +=  Jvzvz*(0.125*D_proj1_u[15]*df_proj1_u[19]-0.125*D_proj1_l[15]*df_proj1_l[19]+0.125*df_proj1_u[15]*D_proj1_u[19]-0.125*df_proj1_l[15]*D_proj1_l[19]+0.1118033988749895*D_proj1_u[10]*df_proj1_u[18]-0.1118033988749895*D_proj1_l[10]*df_proj1_l[18]+0.1118033988749895*df_proj1_u[10]*D_proj1_u[18]-0.1118033988749895*df_proj1_l[10]*D_proj1_l[18]+0.125*D_proj1_u[13]*df_proj1_u[17]-0.125*D_proj1_l[13]*df_proj1_l[17]+0.125*df_proj1_u[13]*D_proj1_u[17]-0.125*df_proj1_l[13]*D_proj1_l[17]+0.125*D_proj1_u[9]*df_proj1_u[16]-0.125*D_proj1_l[9]*df_proj1_l[16]+0.125*df_proj1_u[9]*D_proj1_u[16]-0.125*df_proj1_l[9]*D_proj1_l[16]+0.1118033988749895*D_proj1_u[6]*df_proj1_u[14]-0.1118033988749895*D_proj1_l[6]*df_proj1_l[14]+0.1118033988749895*df_proj1_u[6]*D_proj1_u[14]-0.1118033988749895*df_proj1_l[6]*D_proj1_l[14]+0.1118033988749895*D_proj1_u[4]*df_proj1_u[12]-0.1118033988749895*D_proj1_l[4]*df_proj1_l[12]+0.1118033988749895*df_proj1_u[4]*D_proj1_u[12]-0.1118033988749895*df_proj1_l[4]*D_proj1_l[12]+0.125*D_proj1_u[7]*df_proj1_u[11]-0.125*D_proj1_l[7]*df_proj1_l[11]+0.125*df_proj1_u[7]*D_proj1_u[11]-0.125*df_proj1_l[7]*D_proj1_l[11]+0.125*D_proj1_u[5]*df_proj1_u[10]-0.125*D_proj1_l[5]*df_proj1_l[10]+0.125*df_proj1_u[5]*D_proj1_u[10]-0.125*df_proj1_l[5]*D_proj1_l[10]+0.1118033988749895*D_proj1_u[2]*df_proj1_u[8]-0.1118033988749895*D_proj1_l[2]*df_proj1_l[8]+0.1118033988749895*df_proj1_u[2]*D_proj1_u[8]-0.1118033988749895*df_proj1_l[2]*D_proj1_l[8]+0.125*D_proj1_u[3]*df_proj1_u[6]-0.125*D_proj1_l[3]*df_proj1_l[6]+0.125*df_proj1_u[3]*D_proj1_u[6]-0.125*df_proj1_l[3]*D_proj1_l[6]+0.125*D_proj1_u[1]*df_proj1_u[4]-0.125*D_proj1_l[1]*df_proj1_l[4]+0.125*df_proj1_u[1]*D_proj1_u[4]-0.125*df_proj1_l[1]*D_proj1_l[4]+0.125*D_proj1_u[0]*df_proj1_u[2]-0.125*D_proj1_l[0]*df_proj1_l[2]+0.125*df_proj1_u[0]*D_proj1_u[2]-0.125*df_proj1_l[0]*D_proj1_l[2]);
  out[3] +=  Jvzvz*(0.1118033988749895*D_proj1_u[10]*df_proj1_u[19]-0.1118033988749895*D_proj1_l[10]*df_proj1_l[19]+0.1118033988749895*df_proj1_u[10]*D_proj1_u[19]-0.1118033988749895*df_proj1_l[10]*D_proj1_l[19]+0.125*D_proj1_u[12]*df_proj1_u[18]-0.125*D_proj1_l[12]*df_proj1_l[18]+0.125*df_proj1_u[12]*D_proj1_u[18]-0.125*df_proj1_l[12]*D_proj1_l[18]+0.125*D_proj1_u[11]*df_proj1_u[17]-0.125*D_proj1_l[11]*df_proj1_l[17]+0.125*df_proj1_u[11]*D_proj1_u[17]-0.125*df_proj1_l[11]*D_proj1_l[17]+0.1118033988749895*D_proj1_u[6]*df_proj1_u[16]-0.1118033988749895*D_proj1_l[6]*df_proj1_l[16]+0.1118033988749895*df_proj1_u[6]*D_proj1_u[16]-0.1118033988749895*df_proj1_l[6]*D_proj1_l[16]+0.1118033988749895*D_proj1_u[5]*df_proj1_u[15]-0.1118033988749895*D_proj1_l[5]*df_proj1_l[15]+0.1118033988749895*df_proj1_u[5]*D_proj1_u[15]-0.1118033988749895*df_proj1_l[5]*D_proj1_l[15]+0.125*D_proj1_u[8]*df_proj1_u[14]-0.125*D_proj1_l[8]*df_proj1_l[14]+0.125*df_proj1_u[8]*D_proj1_u[14]-0.125*df_proj1_l[8]*D_proj1_l[14]+0.125*D_proj1_u[7]*df_proj1_u[13]-0.125*D_proj1_l[7]*df_proj1_l[13]+0.125*df_proj1_u[7]*D_proj1_u[13]-0.125*df_proj1_l[7]*D_proj1_l[13]+0.125*D_proj1_u[4]*df_proj1_u[10]-0.125*D_proj1_l[4]*df_proj1_l[10]+0.125*df_proj1_u[4]*D_proj1_u[10]-0.125*df_proj1_l[4]*D_proj1_l[10]+0.1118033988749895*D_proj1_u[3]*df_proj1_u[9]-0.1118033988749895*D_proj1_l[3]*df_proj1_l[9]+0.1118033988749895*df_proj1_u[3]*D_proj1_u[9]-0.1118033988749895*df_proj1_l[3]*D_proj1_l[9]+0.125*D_proj1_u[2]*df_proj1_u[6]-0.125*D_proj1_l[2]*df_proj1_l[6]+0.125*df_proj1_u[2]*D_proj1_u[6]-0.125*df_proj1_l[2]*D_proj1_l[6]+0.125*D_proj1_u[1]*df_proj1_u[5]-0.125*D_proj1_l[1]*df_proj1_l[5]+0.125*df_proj1_u[1]*D_proj1_u[5]-0.125*df_proj1_l[1]*D_proj1_l[5]+0.125*D_proj1_u[0]*df_proj1_u[3]-0.125*D_proj1_l[0]*df_proj1_l[3]+0.125*df_proj1_u[0]*D_proj1_u[3]-0.125*df_proj1_l[0]*D_proj1_l[3]);
  out[4] +=  Jvzvz*((-0.2165063509461096*D_proj1_u[19]*f_proj2_u[19])+0.2165063509461096*D_proj1_l[19]*f_proj2_l[19]+0.2165063509461096*D_proj1_u[19]*df_proj1_u[19]+0.2165063509461096*D_proj1_l[19]*df_proj1_l[19]-0.2165063509461096*D_proj1_u[18]*f_proj2_u[18]+0.2165063509461096*D_proj1_l[18]*f_proj2_l[18]+0.2165063509461096*D_proj1_u[18]*df_proj1_u[18]+0.2165063509461096*D_proj1_l[18]*df_proj1_l[18]-0.2165063509461096*D_proj1_u[17]*f_proj2_u[17]+0.2165063509461096*D_proj1_l[17]*f_proj2_l[17]+0.2165063509461096*D_proj1_u[17]*df_proj1_u[17]+0.2165063509461096*D_proj1_l[17]*df_proj1_l[17]-0.2165063509461096*D_proj1_u[16]*f_proj2_u[16]+0.2165063509461096*D_proj1_l[16]*f_proj2_l[16]+0.2165063509461096*D_proj1_u[16]*df_proj1_u[16]+0.2165063509461096*D_proj1_l[16]*df_proj1_l[16]-0.2165063509461096*D_proj1_u[15]*f_proj2_u[15]+0.2165063509461096*D_proj1_l[15]*f_proj2_l[15]+0.2165063509461096*D_proj1_u[15]*df_proj1_u[15]+0.2165063509461096*D_proj1_l[15]*df_proj1_l[15]-0.2165063509461096*D_proj1_u[14]*f_proj2_u[14]+0.2165063509461096*D_proj1_l[14]*f_proj2_l[14]+0.2165063509461096*D_proj1_u[14]*df_proj1_u[14]+0.2165063509461096*D_proj1_l[14]*df_proj1_l[14]-0.2165063509461096*D_proj1_u[13]*f_proj2_u[13]+0.2165063509461096*D_proj1_l[13]*f_proj2_l[13]+0.2165063509461096*D_proj1_u[13]*df_proj1_u[13]+0.2165063509461096*D_proj1_l[13]*df_proj1_l[13]-0.2165063509461096*D_proj1_u[12]*f_proj2_u[12]+0.2165063509461096*D_proj1_l[12]*f_proj2_l[12]+0.2165063509461096*D_proj1_u[12]*df_proj1_u[12]+0.2165063509461096*D_proj1_l[12]*df_proj1_l[12]-0.2165063509461096*D_proj1_u[11]*f_proj2_u[11]+0.2165063509461096*D_proj1_l[11]*f_proj2_l[11]+0.2165063509461096*D_proj1_u[11]*df_proj1_u[11]+0.2165063509461096*D_proj1_l[11]*df_proj1_l[11]-0.2165063509461096*D_proj1_u[10]*f_proj2_u[10]+0.2165063509461096*D_proj1_l[10]*f_proj2_l[10]+0.2165063509461096*D_proj1_u[10]*df_proj1_u[10]+0.2165063509461096*D_proj1_l[10]*df_proj1_l[10]-0.2165063509461096*D_proj1_u[9]*f_proj2_u[9]+0.2165063509461096*D_proj1_l[9]*f_proj2_l[9]+0.2165063509461096*D_proj1_u[9]*df_proj1_u[9]+0.2165063509461096*D_proj1_l[9]*df_proj1_l[9]-0.2165063509461096*D_proj1_u[8]*f_proj2_u[8]+0.2165063509461096*D_proj1_l[8]*f_proj2_l[8]+0.2165063509461096*D_proj1_u[8]*df_proj1_u[8]+0.2165063509461096*D_proj1_l[8]*df_proj1_l[8]-0.2165063509461096*D_proj1_u[7]*f_proj2_u[7]+0.2165063509461096*D_proj1_l[7]*f_proj2_l[7]+0.2165063509461096*D_proj1_u[7]*df_proj1_u[7]+0.2165063509461096*D_proj1_l[7]*df_proj1_l[7]-0.2165063509461096*D_proj1_u[6]*f_proj2_u[6]+0.2165063509461096*D_proj1_l[6]*f_proj2_l[6]+0.2165063509461096*D_proj1_u[6]*df_proj1_u[6]+0.2165063509461096*D_proj1_l[6]*df_proj1_l[6]-0.2165063509461096*D_proj1_u[5]*f_proj2_u[5]+0.2165063509461096*D_proj1_l[5]*f_proj2_l[5]+0.2165063509461096*D_proj1_u[5]*df_proj1_u[5]+0.2165063509461096*D_proj1_l[5]*df_proj1_l[5]-0.2165063509461096*D_proj1_u[4]*f_proj2_u[4]+0.2165063509461096*D_proj1_l[4]*f_proj2_l[4]+0.2165063509461096*D_proj1_u[4]*df_proj1_u[4]+0.2165063509461096*D_proj1_l[4]*df_proj1_l[4]-0.2165063509461096*D_proj1_u[3]*f_proj2_u[3]+0.2165063509461096*D_proj1_l[3]*f_proj2_l[3]+0.2165063509461096*D_proj1_u[3]*df_proj1_u[3]+0.2165063509461096*D_proj1_l[3]*df_proj1_l[3]-0.2165063509461096*D_proj1_u[2]*f_proj2_u[2]+0.2165063509461096*D_proj1_l[2]*f_proj2_l[2]+0.2165063509461096*D_proj1_u[2]*df_proj1_u[2]+0.2165063509461096*D_proj1_l[2]*df_proj1_l[2]-0.2165063509461096*D_proj1_u[1]*f_proj2_u[1]+0.2165063509461096*D_proj1_l[1]*f_proj2_l[1]+0.2165063509461096*D_proj1_u[1]*df_proj1_u[1]+0.2165063509461096*D_proj1_l[1]*df_proj1_l[1]-0.2165063509461096*D_proj1_u[0]*f_proj2_u[0]+0.2165063509461096*D_proj1_l[0]*f_proj2_l[0]+0.2165063509461096*D_proj1_u[0]*df_proj1_u[0]+0.2165063509461096*D_proj1_l[0]*df_proj1_l[0]);
  out[5] +=  Jvzvz*(0.125*D_proj1_u[9]*df_proj1_u[19]-0.125*D_proj1_l[9]*df_proj1_l[19]+0.125*df_proj1_u[9]*D_proj1_u[19]-0.125*df_proj1_l[9]*D_proj1_l[19]+0.1*D_proj1_u[17]*df_proj1_u[18]+0.1118033988749895*D_proj1_u[6]*df_proj1_u[18]-0.1*D_proj1_l[17]*df_proj1_l[18]-0.1118033988749895*D_proj1_l[6]*df_proj1_l[18]+0.1*df_proj1_u[17]*D_proj1_u[18]+0.1118033988749895*df_proj1_u[6]*D_proj1_u[18]-0.1*df_proj1_l[17]*D_proj1_l[18]-0.1118033988749895*df_proj1_l[6]*D_proj1_l[18]+0.1118033988749895*D_proj1_u[5]*df_proj1_u[17]-0.1118033988749895*D_proj1_l[5]*df_proj1_l[17]+0.1118033988749895*df_proj1_u[5]*D_proj1_u[17]-0.1118033988749895*df_proj1_l[5]*D_proj1_l[17]+0.125*D_proj1_u[15]*df_proj1_u[16]-0.125*D_proj1_l[15]*df_proj1_l[16]+0.125*df_proj1_u[15]*D_proj1_u[16]-0.125*df_proj1_l[15]*D_proj1_l[16]+0.1118033988749895*D_proj1_u[10]*df_proj1_u[14]-0.1118033988749895*D_proj1_l[10]*df_proj1_l[14]+0.1118033988749895*df_proj1_u[10]*D_proj1_u[14]-0.1118033988749895*df_proj1_l[10]*D_proj1_l[14]+0.1118033988749895*D_proj1_u[10]*df_proj1_u[13]-0.1118033988749895*D_proj1_l[10]*df_proj1_l[13]+0.1118033988749895*df_proj1_u[10]*D_proj1_u[13]-0.1118033988749895*df_proj1_l[10]*D_proj1_l[13]+0.1*D_proj1_u[11]*df_proj1_u[12]+0.1118033988749895*D_proj1_u[2]*df_proj1_u[12]-0.1*D_proj1_l[11]*df_proj1_l[12]-0.1118033988749895*D_proj1_l[2]*df_proj1_l[12]+0.1*df_proj1_u[11]*D_proj1_u[12]+0.1118033988749895*df_proj1_u[2]*D_proj1_u[12]-0.1*df_proj1_l[11]*D_proj1_l[12]-0.1118033988749895*df_proj1_l[2]*D_proj1_l[12]+0.1118033988749895*D_proj1_u[1]*df_proj1_u[11]-0.1118033988749895*D_proj1_l[1]*df_proj1_l[11]+0.1118033988749895*df_proj1_u[1]*D_proj1_u[11]-0.1118033988749895*df_proj1_l[1]*D_proj1_l[11]+0.125*D_proj1_u[3]*df_proj1_u[10]-0.125*D_proj1_l[3]*df_proj1_l[10]+0.125*df_proj1_u[3]*D_proj1_u[10]-0.125*df_proj1_l[3]*D_proj1_l[10]+0.1118033988749895*D_proj1_u[4]*df_proj1_u[8]-0.1118033988749895*D_proj1_l[4]*df_proj1_l[8]+0.1118033988749895*df_proj1_u[4]*D_proj1_u[8]-0.1118033988749895*df_proj1_l[4]*D_proj1_l[8]+0.1118033988749895*D_proj1_u[4]*df_proj1_u[7]-0.1118033988749895*D_proj1_l[4]*df_proj1_l[7]+0.1118033988749895*df_proj1_u[4]*D_proj1_u[7]-0.1118033988749895*df_proj1_l[4]*D_proj1_l[7]+0.125*D_proj1_u[5]*df_proj1_u[6]-0.125*D_proj1_l[5]*df_proj1_l[6]+0.125*df_proj1_u[5]*D_proj1_u[6]-0.125*df_proj1_l[5]*D_proj1_l[6]+0.125*D_proj1_u[0]*df_proj1_u[4]-0.125*D_proj1_l[0]*df_proj1_l[4]+0.125*df_proj1_u[0]*D_proj1_u[4]-0.125*df_proj1_l[0]*D_proj1_l[4]+0.125*D_proj1_u[1]*df_proj1_u[2]-0.125*D_proj1_l[1]*df_proj1_l[2]+0.125*df_proj1_u[1]*D_proj1_u[2]-0.125*df_proj1_l[1]*D_proj1_l[2]);
  out[6] +=  Jvzvz*(0.1*D_proj1_u[17]*df_proj1_u[19]+0.1118033988749895*D_proj1_u[6]*df_proj1_u[19]-0.1*D_proj1_l[17]*df_proj1_l[19]-0.1118033988749895*D_proj1_l[6]*df_proj1_l[19]+0.1*df_proj1_u[17]*D_proj1_u[19]+0.1118033988749895*df_proj1_u[6]*D_proj1_u[19]-0.1*df_proj1_l[17]*D_proj1_l[19]-0.1118033988749895*df_proj1_l[6]*D_proj1_l[19]+0.125*D_proj1_u[8]*df_proj1_u[18]-0.125*D_proj1_l[8]*df_proj1_l[18]+0.125*df_proj1_u[8]*D_proj1_u[18]-0.125*df_proj1_l[8]*D_proj1_l[18]+0.1118033988749895*D_proj1_u[4]*df_proj1_u[17]-0.1118033988749895*D_proj1_l[4]*df_proj1_l[17]+0.1118033988749895*df_proj1_u[4]*D_proj1_u[17]-0.1118033988749895*df_proj1_l[4]*D_proj1_l[17]+0.1118033988749895*D_proj1_u[10]*df_proj1_u[16]-0.1118033988749895*D_proj1_l[10]*df_proj1_l[16]+0.1118033988749895*df_proj1_u[10]*D_proj1_u[16]-0.1118033988749895*df_proj1_l[10]*D_proj1_l[16]+0.1*D_proj1_u[13]*df_proj1_u[15]+0.1118033988749895*D_proj1_u[3]*df_proj1_u[15]-0.1*D_proj1_l[13]*df_proj1_l[15]-0.1118033988749895*D_proj1_l[3]*df_proj1_l[15]+0.1*df_proj1_u[13]*D_proj1_u[15]+0.1118033988749895*df_proj1_u[3]*D_proj1_u[15]-0.1*df_proj1_l[13]*D_proj1_l[15]-0.1118033988749895*df_proj1_l[3]*D_proj1_l[15]+0.125*D_proj1_u[12]*df_proj1_u[14]-0.125*D_proj1_l[12]*df_proj1_l[14]+0.125*df_proj1_u[12]*D_proj1_u[14]-0.125*df_proj1_l[12]*D_proj1_l[14]+0.1118033988749895*D_proj1_u[1]*df_proj1_u[13]-0.1118033988749895*D_proj1_l[1]*df_proj1_l[13]+0.1118033988749895*df_proj1_u[1]*D_proj1_u[13]-0.1118033988749895*df_proj1_l[1]*D_proj1_l[13]+0.1118033988749895*D_proj1_u[10]*df_proj1_u[11]-0.1118033988749895*D_proj1_l[10]*df_proj1_l[11]+0.1118033988749895*df_proj1_u[10]*D_proj1_u[11]-0.1118033988749895*df_proj1_l[10]*D_proj1_l[11]+0.125*D_proj1_u[2]*df_proj1_u[10]-0.125*D_proj1_l[2]*df_proj1_l[10]+0.125*df_proj1_u[2]*D_proj1_u[10]-0.125*df_proj1_l[2]*D_proj1_l[10]+0.1118033988749895*D_proj1_u[5]*df_proj1_u[9]-0.1118033988749895*D_proj1_l[5]*df_proj1_l[9]+0.1118033988749895*df_proj1_u[5]*D_proj1_u[9]-0.1118033988749895*df_proj1_l[5]*D_proj1_l[9]+0.1118033988749895*D_proj1_u[5]*df_proj1_u[7]-0.1118033988749895*D_proj1_l[5]*df_proj1_l[7]+0.1118033988749895*df_proj1_u[5]*D_proj1_u[7]-0.1118033988749895*df_proj1_l[5]*D_proj1_l[7]+0.125*D_proj1_u[4]*df_proj1_u[6]-0.125*D_proj1_l[4]*df_proj1_l[6]+0.125*df_proj1_u[4]*D_proj1_u[6]-0.125*df_proj1_l[4]*D_proj1_l[6]+0.125*D_proj1_u[0]*df_proj1_u[5]-0.125*D_proj1_l[0]*df_proj1_l[5]+0.125*df_proj1_u[0]*D_proj1_u[5]-0.125*df_proj1_l[0]*D_proj1_l[5]+0.125*D_proj1_u[1]*df_proj1_u[3]-0.125*D_proj1_l[1]*df_proj1_l[3]+0.125*df_proj1_u[1]*D_proj1_u[3]-0.125*df_proj1_l[1]*D_proj1_l[3]);
  out[7] +=  Jvzvz*(0.1*D_proj1_u[18]*df_proj1_u[19]+0.1118033988749895*D_proj1_u[5]*df_proj1_u[19]-0.1*D_proj1_l[18]*df_proj1_l[19]-0.1118033988749895*D_proj1_l[5]*df_proj1_l[19]+0.1*df_proj1_u[18]*D_proj1_u[19]+0.1118033988749895*df_proj1_u[5]*D_proj1_u[19]-0.1*df_proj1_l[18]*D_proj1_l[19]-0.1118033988749895*df_proj1_l[5]*D_proj1_l[19]+0.1118033988749895*D_proj1_u[4]*df_proj1_u[18]-0.1118033988749895*D_proj1_l[4]*df_proj1_l[18]+0.1118033988749895*df_proj1_u[4]*D_proj1_u[18]-0.1118033988749895*df_proj1_l[4]*D_proj1_l[18]+0.125*D_proj1_u[7]*df_proj1_u[17]-0.125*D_proj1_l[7]*df_proj1_l[17]+0.125*df_proj1_u[7]*D_proj1_u[17]-0.125*df_proj1_l[7]*D_proj1_l[17]+0.1*D_proj1_u[14]*df_proj1_u[16]+0.1118033988749895*D_proj1_u[3]*df_proj1_u[16]-0.1*D_proj1_l[14]*df_proj1_l[16]-0.1118033988749895*D_proj1_l[3]*df_proj1_l[16]+0.1*df_proj1_u[14]*D_proj1_u[16]+0.1118033988749895*df_proj1_u[3]*D_proj1_u[16]-0.1*df_proj1_l[14]*D_proj1_l[16]-0.1118033988749895*df_proj1_l[3]*D_proj1_l[16]+0.1118033988749895*D_proj1_u[10]*df_proj1_u[15]-0.1118033988749895*D_proj1_l[10]*df_proj1_l[15]+0.1118033988749895*df_proj1_u[10]*D_proj1_u[15]-0.1118033988749895*df_proj1_l[10]*D_proj1_l[15]+0.1118033988749895*D_proj1_u[2]*df_proj1_u[14]-0.1118033988749895*D_proj1_l[2]*df_proj1_l[14]+0.1118033988749895*df_proj1_u[2]*D_proj1_u[14]-0.1118033988749895*df_proj1_l[2]*D_proj1_l[14]+0.125*D_proj1_u[11]*df_proj1_u[13]-0.125*D_proj1_l[11]*df_proj1_l[13]+0.125*df_proj1_u[11]*D_proj1_u[13]-0.125*df_proj1_l[11]*D_proj1_l[13]+0.1118033988749895*D_proj1_u[10]*df_proj1_u[12]-0.1118033988749895*D_proj1_l[10]*df_proj1_l[12]+0.1118033988749895*df_proj1_u[10]*D_proj1_u[12]-0.1118033988749895*df_proj1_l[10]*D_proj1_l[12]+0.125*D_proj1_u[1]*df_proj1_u[10]-0.125*D_proj1_l[1]*df_proj1_l[10]+0.125*df_proj1_u[1]*D_proj1_u[10]-0.125*df_proj1_l[1]*D_proj1_l[10]+0.1118033988749895*D_proj1_u[6]*df_proj1_u[9]-0.1118033988749895*D_proj1_l[6]*df_proj1_l[9]+0.1118033988749895*df_proj1_u[6]*D_proj1_u[9]-0.1118033988749895*df_proj1_l[6]*D_proj1_l[9]+0.1118033988749895*D_proj1_u[6]*df_proj1_u[8]-0.1118033988749895*D_proj1_l[6]*df_proj1_l[8]+0.1118033988749895*df_proj1_u[6]*D_proj1_u[8]-0.1118033988749895*df_proj1_l[6]*D_proj1_l[8]+0.125*D_proj1_u[0]*df_proj1_u[6]-0.125*D_proj1_l[0]*df_proj1_l[6]+0.125*df_proj1_u[0]*D_proj1_u[6]-0.125*df_proj1_l[0]*D_proj1_l[6]+0.125*D_proj1_u[4]*df_proj1_u[5]-0.125*D_proj1_l[4]*df_proj1_l[5]+0.125*df_proj1_u[4]*D_proj1_u[5]-0.125*df_proj1_l[4]*D_proj1_l[5]+0.125*D_proj1_u[2]*df_proj1_u[3]-0.125*D_proj1_l[2]*df_proj1_l[3]+0.125*df_proj1_u[2]*D_proj1_u[3]-0.125*df_proj1_l[2]*D_proj1_l[3]);
